100 8 97
-1.8775657350436801e+08 -4.7427220913376802e+08 -2.3348276194641501e+08 3.5319099212662699e+01 8.9215988646365005e+01 4.3920653581238199e+01 8.2397490726132404e+36 black_hole
-2.1534222581570499e+19 3.6536860726573900e+19 -3.8215583682288650e+18 -3.2571127632146276e+04 -1.8522047288344249e+04 3.2001998107774273e+02 1.9462032361596801e+33 star
8.5641618194715492e+19 1.4828560290804600e+20 9.9868798074918694e+17 -1.2535297241314600e+05 6.9088799845681700e+04 -2.8869395625519501e+03 1.6272450830423800e+33 star
-3.6867986476082799e+19 -2.9461091930322600e+20 -1.9425277751504599e+18 2.6136931090210401e+05 -3.2699951931150201e+04 -1.2871865158298799e+03 9.4638172495865998e+32 star
-9.5420875743030608e+19 -3.8188763375161500e+19 -1.6264728558355799e+18 3.3024620186185799e+04 -7.8722631594123799e+04 -2.0451628146864198e+02 1.9734580332906100e+33 star
2.1300647942966899e+19 1.2901290249856300e+20 -6.3970911835963494e+17 -1.0962035172229400e+05 1.8848290809254846e+04 1.5239220114963500e+03 1.9698439895432700e+33 star
-8.4828066764018400e+16 -1.8359480828990400e+20 -1.7108539797213399e+18 1.5943471654461999e+05 2.9896479588519128e+01 -1.1365810615413200e+03 8.2442200086212198e+32 star
-2.1534137410455151e+19 3.6536935047841329e+19 -3.8214516465475686e+18 -1.6043738497647764e+07 -1.4003079402623447e+07 6.0757006300358580e+03 1.7654935328496501e+25 planet
-2.1534224043833487e+19 3.6536841300345938e+19 -3.8215863746075167e+18 3.5082948578612215e+05 5.0099100164339347e+06 -3.1184202275528311e+05 6.0000000000000002e+23 planet
-2.1534137425951003e+19 3.6536935063841284e+19 -3.8214516459817539e+18 -1.6040977432765244e+07 -1.4005918199324185e+07 5.9749257588034225e+03 8.6440998471488600e+22 satellite
-2.1534225005991797e+19 3.6536827471838872e+19 -3.8215898065139569e+18 4.3513151558043179e+05 6.2320737352954149e+06 -8.4400268563579757e+03 1.2823460908817500e+23 satellite
-2.1534225057153229e+19 3.6536827500836168e+19 -3.8215898118992640e+18 4.4052132588048925e+05 6.2289354811493764e+06 -7.9133705974791301e+03 5.3967001880888798e+22 satellite
-2.1534225039369802e+19 3.6536827491708842e+19 -3.8215898111962890e+18 4.3863245859100227e+05 6.2296380101342360e+06 -7.9780571725607888e+03 1.2951363178615000e+23 satellite
-2.1534225129763922e+19 3.6536827503126663e+19 -3.8215898210273219e+18 4.4717222878717835e+05 6.2292891880622376e+06 -7.1062628180690663e+03 3.2860657078679202e+22 satellite
-2.1534137434173223e+19 3.6536935047358046e+19 -3.8214516465020436e+18 -1.6039427951006403e+07 -1.4002979535460994e+07 6.0678437609037737e+03 1.3407379694470900e+23 satellite
-2.1534137431670338e+19 3.6536935056340697e+19 -3.8214516464592031e+18 -1.6039857857956998e+07 -1.4004584491664529e+07 6.0588024293178141e+03 7.3420000000000005e+21 satellite
-2.1534225025411785e+19 3.6536827487338013e+19 -3.8215898108755205e+18 4.3708129481702112e+05 6.2301945998591641e+06 -8.0038241288131585e+03 7.9287396451030697e+22 satellite
-2.1534225053255426e+19 3.6536827399499944e+19 -3.8215897763947172e+18 4.4002732521121827e+05 6.2387481791838389e+06 -1.1054028305378662e+04 5.8763092445805003e+22 satellite
-2.1534811328330301e+19 3.6536642271119299e+19 -3.8216818770911099e+18 1.0768853383557456e+07 1.1535845857433179e+07 1.5813940227980388e+07 1.6082663287412700e+21 asteroid
-2.1533438090030399e+19 3.6536243628383498e+19 -3.8215142485622999e+18 1.4668889431541404e+07 2.0296130968320418e+07 1.2911036443093153e+07 2.9368000000000000e+20 asteroid
-2.1447282453297402e+19 3.7329930828312404e+19 -3.8209784515735301e+18 5.6466847150700787e+03 2.2837280012919666e+04 5.5402627615808569e+03 1.5431503611424001e+21 asteroid
-5.1048762460738502e+17 -1.8409553507545101e+20 -1.7076201856949801e+18 4.7541673221703866e+02 1.2054984427490108e+04 3.1259526681970801e+03 1.5558107264163701e+21 asteroid
2.1300808812371702e+19 1.2901350765105399e+20 -6.3980011894592000e+17 4.9891084755530711e+06 1.2196393541925279e+07 1.7504386830777001e+07 5.4761804553866403e+21 asteroid
8.5783306179078898e+19 1.4921373639356400e+20 1.0015029743274100e+18 1.2421243824828423e+04 1.8726260194464990e+04 9.6812302836298295e+03 5.3953990704976301e+21 asteroid
-2.1534903347153302e+19 3.6537555750952100e+19 -3.8216000013365002e+18 8.7942431412029825e+06 1.7330708404276617e+07 1.0789798068682943e+06 4.1803460197592098e+21 asteroid
-2.1533870312493199e+19 3.6536511977616802e+19 -3.8214826877626798e+18 2.0300102548489708e+07 2.5419783646535976e+06 4.8663309157039514e+06 8.6992537763774595e+20 asteroid
-3.6868548588862202e+19 -2.9461166075489200e+20 -1.9426086056060001e+18 4.9223002661791611e+06 3.9591005664826906e+06 1.3732953301511554e+07 5.1952280195821201e+20 asteroid
-2.1545909687979000e+19 3.5697542903455400e+19 -3.8125416795044101e+18 1.7695648481411765e+04 1.2727437943499968e+04 1.9757664939456627e+03 2.9368000000000000e+20 asteroid
-2.1533286374575198e+19 3.6536339740234498e+19 -3.8216182760307502e+18 6.7426769050006634e+06 5.4199068808904674e+05 1.1989263880027989e+07 1.0224902950472000e+21 asteroid
-2.2313310862592201e+19 3.5565444237463998e+19 -3.8140507404883200e+18 2.3350449218377598e+03 2.2740493352685637e+04 1.8946284294297999e+04 2.9368000000000000e+20 asteroid
-2.1535069503225799e+19 3.6536954257442599e+19 -3.8216040805307100e+18 1.9252571249751478e+07 9.5824093630633727e+06 3.0806537315002196e+06 7.5070188822433995e+21 asteroid
-2.1534320385871299e+19 3.6537108593625801e+19 -3.8216824973190400e+18 2.0094460248174760e+07 2.3973032457494091e+07 1.7124778312888701e+07 8.1922370717292901e+21 asteroid
2.1301515579260301e+19 1.2901313174141100e+20 -6.3971782244581402e+17 1.9443083775862664e+07 1.1070545367861520e+07 3.2880829382151812e+06 2.9368000000000000e+20 asteroid
-2.1533758368652501e+19 3.6536347865757798e+19 -3.8214786792500700e+18 1.4153206989755917e+07 7.5683784107500641e+06 3.5409181717183562e+06 5.7456432728048801e+21 asteroid
-2.1533716856426000e+19 3.6536393335891599e+19 -3.8215287301880617e+18 2.0321426503068749e+07 1.2318005140382536e+07 1.3227993817617917e+07 3.2469641301559801e+21 asteroid
-2.1534090019751502e+19 3.6536484181502398e+19 -3.8214907765583954e+18 7.7991956709028129e+06 1.2751854951863451e+07 5.5104423430276923e+06 1.6344742654419901e+21 asteroid
-2.1535212403458802e+19 3.6536771550964302e+19 -3.8216448261384305e+18 2.4305690551220089e+07 3.7908741846721685e+06 1.0776742369705519e+07 7.3629836647759295e+21 asteroid
-2.1534664470952399e+19 3.6536802880810299e+19 -3.8214908104249923e+18 2.0794571699496742e+07 3.4331563379734079e+06 9.1492755746740550e+06 1.0105129440863000e+21 asteroid
-2.1534331240702501e+19 3.6537191826617098e+19 -3.8215830572473098e+18 2.6828765429433142e+06 2.4211053878244527e+07 3.2986899338545017e+06 1.5991239240694201e+21 asteroid
4.9371309483018088e+14 -9.5368137425709438e+14 6.3202044994244812e+11 1.6289803381131168e+07 6.8287643975228742e+06 5.6824224790720956e+05 6.2997433769285504e+20 asteroid
-8.5636987651009504e+16 -1.8359423268426800e+20 -1.7108724652008599e+18 3.4959500230432018e+06 2.4216694132337365e+06 3.0251065388854262e+06 4.7580834994481697e+21 asteroid
-2.1534365979514401e+19 3.6537109651291300e+19 -3.8216666578127565e+18 6.2113808211482186e+06 1.3188646615299128e+07 1.3195634218457125e+07 8.0878848739413003e+21 asteroid
7.6804696533596212e+14 1.6961146151416741e+14 -6.1611699130758641e+13 2.3674543874185691e+06 2.1536687103280332e+07 1.2966036651823148e+07 2.3316531446965199e+21 asteroid
-2.1535049913947099e+19 3.6537561868222800e+19 -3.8216648911744200e+18 2.1719857059899401e+07 8.2042947858150685e+06 1.5078673923357390e+07 1.6398054305401801e+21 asteroid
-3.6867615716825801e+19 -2.9461100908812000e+20 -1.9425792416315899e+18 5.8503015045576785e+06 1.3192240812381444e+07 8.4733590816494916e+06 5.6643245276777299e+21 asteroid
-2.1534734655777399e+19 3.6536995408164901e+19 -3.8215193432678902e+18 1.2319493976805806e+07 6.7390603811316835e+06 1.4447658537022248e+07 1.7939132973539501e+21 asteroid
-2.1533594895139402e+19 3.6537629527732900e+19 -3.8216609519303598e+18 1.9845805569702037e+07 1.2902070605663700e+07 2.0227153503779329e+07 2.9368000000000000e+20 asteroid
-2.1533689145344901e+19 3.6537040006594499e+19 -3.8216948062270198e+18 1.8595912472613193e+07 1.6750642529417215e+07 1.8493192659098405e+07 2.9368000000000000e+20 asteroid
-2.1535088180668502e+19 3.6536798460448199e+19 -3.8215746068250301e+18 1.5926619119782651e+07 1.7630500472458147e+07 2.1757108917840004e+07 3.3417733732738500e+21 asteroid
-2.1533693826512298e+19 3.6537112345808757e+19 -3.8216004229941263e+18 1.4797363140072685e+07 8.2820794770315336e+06 6.2674559680874301e+06 4.3890353240100202e+21 asteroid
-2.1534848422455398e+19 3.6536328120086999e+19 -3.8214693720151798e+18 1.6323871656600254e+07 5.6424825971212853e+06 2.2838461865727017e+06 2.9368000000000000e+20 asteroid
5.2032752617012412e+14 -4.7948257512161981e+14 -2.0193068886278734e+13 1.2717456955612568e+07 7.4708820199922323e+06 2.7570112559555853e+06 3.7704903851421498e+21 asteroid
-2.1533376915841798e+19 3.6536637008482501e+19 -3.8215806685446902e+18 3.7558381225505741e+06 2.1658555273422230e+07 2.3412592652595408e+07 1.3474863986638300e+21 asteroid
2.1300813839527600e+19 1.2901319109825000e+20 -6.3977633579760614e+17 2.1983526098193176e+07 4.2896884274488445e+06 1.2085686319954682e+07 2.9368000000000000e+20 asteroid
-2.1533430521476502e+19 3.6535892250910200e+19 -3.8216063756623601e+18 2.9523842853943780e+06 1.2209213223628247e+07 4.9578807129332451e+06 1.5812827672504901e+21 asteroid
-2.1173890988302402e+19 3.6423061530359800e+19 -3.8204030331184302e+18 1.8023244040647649e+04 1.7489773664456701e+04 1.9617211208613699e+04 3.9863186763116902e+21 asteroid
-3.6867874025656500e+19 -2.9461141821823399e+20 -1.9426509861159700e+18 2.2527061538554411e+07 5.8443623881062791e+04 2.4996881850082885e+07 2.1634593516104099e+21 asteroid
-2.1533984905735598e+19 3.6537694319159001e+19 -3.8216183104093399e+18 1.6281000646618577e+07 4.5289998873864058e+06 6.4296810503198644e+06 2.8922394953044601e+21 asteroid
-2.1535169012923699e+19 3.6537616401378501e+19 -3.8215785590143698e+18 7.6535110792832104e+06 9.1630021197181102e+06 2.4011492395583849e+07 5.6938488386605296e+21 asteroid
-2.1533982914573201e+19 3.6537623188497900e+19 -3.8215637886842998e+18 2.4511136684416033e+07 9.5079058184923232e+06 2.0726635709840689e+07 2.7724551470456101e+21 asteroid
-2.1535120396622000e+19 3.6536993392675701e+19 -3.8216274476314798e+18 2.1253957405674558e+07 1.7231655519594176e+05 5.6182432319641151e+06 5.4634742118500899e+21 asteroid
-8.5869045179175328e+16 -1.8359397013706201e+20 -1.7108823114311501e+18 7.8702975478711259e+06 2.0090759755002350e+07 5.6902138052517166e+06 4.9419668212907599e+20 asteroid
-9.5420916097063043e+19 -3.8188840379548647e+19 -1.6266079951561464e+18 8.1721370606585704e+06 1.5324875155941691e+07 2.4869255878987543e+07 1.0658076150609700e+21 asteroid
-8.4346174499446816e+16 -1.8359425498932399e+20 -1.7109062516241101e+18 1.5670607425909761e+07 7.7997103282063659e+06 8.0155040088613611e+06 4.6663154810558402e+21 asteroid
-4.5884913685658502e+17 -1.8302980617820701e+20 -1.7100652929861499e+18 1.3883892916090454e+04 9.3507675075306779e+03 3.8047633440974000e+03 9.8418228169964205e+20 asteroid
-2.1533403847344398e+19 3.6535791696694899e+19 -3.8216403003830001e+18 9.8257660728601683e+06 1.3449204280210814e+07 9.5101499277537521e+06 2.9368000000000000e+20 asteroid
-2.1033478448121799e+19 3.5551677216659898e+19 -3.8194235988230298e+18 7.0126047637035090e+03 4.6690915487476968e+03 2.3193875965573599e+04 4.2340838101251198e+21 asteroid
2.1007748000617300e+19 1.2970934787101599e+20 -6.3048477082358899e+17 2.1456861066195754e+04 2.1694602085217783e+04 1.6526548267035602e+02 6.6784229829951399e+21 asteroid
8.5642144380108898e+19 1.4828612748598202e+20 9.9856726962569101e+17 1.0301508368586350e+06 1.9561192536210280e+07 2.2888022445276562e+07 2.3603919853980001e+21 asteroid
-2.1534485549622100e+19 3.6537421089561698e+19 -3.8216476940061998e+18 2.0503398453936916e+07 2.4372699995177012e+07 1.8398738142322339e+07 7.8600077125147301e+21 asteroid
-8.3802662336453632e+16 2.5102145998240968e+16 7.9878016912774610e+15 9.2850037890539625e+03 1.3184785733332646e+04 8.4347477170615900e+02 5.0674169962742898e+21 asteroid
2.1035029660125901e+19 1.2953785771910000e+20 -6.4776118089113805e+17 1.7300771916963662e+04 5.5105709697226539e+03 4.4221221120145101e+03 1.1988171897202800e+21 asteroid
2.0929701189090001e+19 1.2912465589181800e+20 -6.4172168471796595e+17 3.3282184968227430e+03 2.4875984424974167e+03 1.4382036385513400e+04 9.2142874092369897e+20 asteroid
-2.1534102722142749e+19 3.6536806793320301e+19 -3.8217123278825390e+18 1.9314945281918649e+07 7.6686444069525246e+06 2.4045652079517141e+07 5.3827944509872097e+21 asteroid
-2.1390864485948801e+19 3.6974967580952601e+19 -3.8160937053918602e+18 1.8289561318535045e+04 1.0270752871764838e+04 2.0332068245023202e+04 1.0332585911358000e+22 asteroid
-2.1930584767485501e+19 3.5551679825718399e+19 -3.8165214423203901e+18 1.0715913115127240e+04 1.4111398882500271e+02 1.1318905101257078e+04 8.4855926711764103e+21 asteroid
-8.4594834894192592e+16 -1.8359473971614699e+20 -1.7109736111532209e+18 8.9922914705481380e+06 1.3502091125150142e+07 2.4133044926741425e+07 1.2763317887644800e+21 asteroid
-2.1533726312908001e+19 3.6536322380532199e+19 -3.8215532632961700e+18 1.2139447142500257e+07 7.7550719083234959e+05 1.9624146214343917e+07 1.4501261617338699e+21 asteroid
-3.6868407832019694e+19 -2.9461187330621499e+20 -1.9426152651781901e+18 1.2896904030244706e+07 1.3580637217792422e+07 1.5309117480075371e+07 1.5573487822472500e+21 asteroid
-2.1570152165791101e+19 3.5684743184260399e+19 -3.8262483004372700e+18 4.8604911487770642e+03 2.4698335929739445e+04 1.4372663331474077e+04 2.9368000000000000e+20 asteroid
-2.1534073912372101e+19 3.6536877000121500e+19 -3.8215310319174508e+18 1.3748722154949827e+07 7.4027879588491088e+06 1.4439626329720696e+07 4.6072887923126399e+21 asteroid
-8.5676281814258576e+16 -1.8359434342436300e+20 -1.7108864101882299e+18 1.2670176336775048e+07 4.3946976172579657e+06 6.7002160052638724e+06 4.5991122205595098e+21 asteroid
8.5642274921051996e+19 1.4828625134917701e+20 9.9866396636964301e+17 1.5482681252459943e+07 6.5789304724400723e+05 4.5389341529629296e+06 2.9193439415505702e+21 asteroid
2.1299992983538500e+19 1.2901214175509501e+20 -6.3983798200420902e+17 1.7993675493396435e+07 6.4874903071828252e+06 2.4928832324424099e+07 1.6411921109460200e+21 asteroid
-2.1255073185091101e+19 3.6734532906342302e+19 -3.8307524717856502e+18 1.8839608141364548e+04 2.2575854610775485e+04 2.1819729869613853e+04 2.9368000000000000e+20 asteroid
-2.1534077551813202e+19 3.6536905761222435e+19 -3.8214926654450801e+18 6.4188534287262233e+06 2.0260900433496997e+07 6.8664173074056944e+06 7.8182122718107502e+21 asteroid
-2.1097141657849799e+19 3.6350813997590200e+19 -3.8313696591054802e+18 1.4668144372276397e+03 2.4427892642030845e+04 6.0198416094948861e+03 6.1664314559962200e+21 asteroid
-2.1399295323145200e+19 3.6371014860750701e+19 -3.8189315584780099e+18 1.7406495376581232e+04 6.1425883863598110e+03 2.0785182996212501e+04 6.8054344348959695e+21 asteroid
-2.1054984587658101e+19 3.7455826022169100e+19 -3.8177234021321702e+18 1.0337723164321331e+04 9.0901627506103262e+02 2.2255138574329500e+04 5.0076080406157297e+21 asteroid
-2.1534475625590002e+19 3.6537174334000800e+19 -3.8216152519386199e+18 1.9557235894428201e+07 4.8685873350165403e+06 3.6373469409025209e+06 2.6666757999344600e+21 asteroid
-2.1534904938604499e+19 3.6537468711465001e+19 -3.8216485693085901e+18 2.0436507764164034e+07 1.1679332781973260e+07 9.8611356131384280e+06 4.7609862300319498e+21 asteroid
-2.1533742402560000e+19 3.6535835004684399e+19 -3.8216002521854403e+18 5.2948621716819527e+06 6.0241118061384540e+06 2.2169218899968555e+06 5.2297920929871000e+21 asteroid
-2.0823754759559700e+19 3.5540500010084000e+19 -3.8203179830718198e+18 2.0550110692542010e+04 9.0281234526345597e+03 1.9939756253990501e+04 2.9368000000000000e+20 asteroid
-2.1582182014937801e+19 3.6674840301932601e+19 -3.8299615983882501e+18 9.5112770549759116e+03 1.5902515971067292e+04 4.8438650994469153e+03 3.3271391346342201e+21 asteroid
8.5642241264283599e+19 1.4828523904073099e+20 9.9868024039632102e+17 1.7241403485887021e+07 1.9090603631097592e+07 3.2858247343212058e+05 9.5361910406750994e+20 asteroid
-2.1534620384057000e+19 3.6537184257202000e+19 -3.8214823288866099e+18 2.7683302646251316e+06 9.3732820038995962e+05 4.6442687383945389e+06 2.0230835923872299e+21 asteroid
-2.1533441807199302e+19 3.6537460897345102e+19 -3.8214923172841001e+18 2.3756830718412802e+07 2.2545841104347963e+07 9.1889174156022388e+06 5.0347495376988699e+21 asteroid
-2.1534334094980215e+19 3.6536888226366403e+19 -3.8218052659334789e+18 1.0076059185008500e+07 8.6309487057590368e+05 1.9032342476938382e+07 3.8425238584606101e+21 asteroid
-2.1534234865548681e+19 3.6536900837386912e+19 -3.8215723399422669e+18 1.3070684627031577e+06 -2.5103696260490298e+05 -1.5515630015480542e+06 8.1622352665923105e+29 device
-2.1534204254749868e+19 3.6536894925744558e+19 -3.8216086972171884e+18 -1.3978991211920734e+06 2.7119319907863479e+05 1.6613305618935085e+06 7.6241247343045206e+29 device
