20 2 17
-1.5808194255286899e+08 -8.9256748093462795e+07 -1.9337379935459203e+08 6.7932847636279405e+01 3.8356372743026697e+01 8.3098224974089703e+01 8.3238852770821595e+36 black_hole
-2.0434397041132601e+20 -2.8871829417404000e+20 1.7732507031245399e+18 2.4729174090746901e+05 -1.7771572457533405e+05 -9.6928551700281798e+02 1.9820747896894399e+33 star
-2.0434397554724903e+20 -2.8871826820032047e+20 1.7731904114320079e+18 4.2932568035372505e+06 -1.0857226858275035e+07 3.1266565738955449e+05 5.5575697794443499e+24 planet
-2.0434398155414723e+20 -2.8871826995236962e+20 1.7731928576412884e+18 5.0156032855903571e+06 -1.0644991753051242e+07 1.8850850398313331e+04 8.5129916919051199e+22 satellite
-2.0434309192807701e+20 -2.8871902683641499e+20 1.7731351634621100e+18 1.4122479031898122e+07 1.2212875699623479e+07 2.4027379490695432e+07 4.4510157024123101e+21 asteroid
-2.0434463053528800e+20 -2.8871754981144301e+20 1.7731517473093000e+18 9.6453818261051551e+06 1.2493539777227152e+07 1.4679675839326726e+07 9.6115352817387399e+20 asteroid
-2.0434395282257900e+20 -2.8871842407146488e+20 1.7732209768454418e+18 5.2880278604734344e+06 3.8400364159277696e+06 1.5408801522048339e+07 8.0751122358788896e+21 asteroid
-2.0434320639923402e+20 -2.8871899667752999e+20 1.7732216945999501e+18 3.3777572391829682e+06 1.1382694544696270e+07 1.1307517965830930e+07 6.8926652473466904e+21 asteroid
2.4155816370530597e+14 -5.2901615329628631e+14 -5.7354083111870539e+13 7.2158610873890563e+05 1.0638707656339828e+07 2.3690014538017944e+07 2.9368000000000000e+20 asteroid
-2.0434312457555499e+20 -2.8871846558303299e+20 1.7731654151088100e+18 2.4678639867639158e+07 2.1281745266979888e+07 1.3435655036873013e+07 3.0109923714163598e+21 asteroid
-2.0434348562736100e+20 -2.8871752070050100e+20 1.7732415671824699e+18 5.3188087080564210e+06 3.2607050916423458e+06 6.8647218730284665e+06 7.7734015645228498e+21 asteroid
4.0537937335601856e+14 -8.1557997353981275e+14 -5.0116801731549500e+13 5.3507578905760162e+06 2.0182309121078178e+06 2.3804609077146679e+07 5.9543650646613295e+20 asteroid
-2.0407728201813600e+20 -2.8852110834693299e+20 1.7695730191546299e+18 2.9359233928762906e+03 1.3153081930626046e+04 1.4699722834977900e+04 4.8542077899068198e+20 asteroid
-4.6115269148772301e+17 -4.3274082919678202e+17 5.6825269532174200e+15 7.0538826230405421e+03 2.8289204400228374e+02 2.4580895126913820e+04 1.8108783782595500e+21 asteroid
-2.0368648911727700e+20 -2.8774309622935500e+20 1.7679199509981801e+18 5.4852661280476395e+03 1.7400182621802087e+04 1.7406070304420500e+04 6.4710584436345400e+21 asteroid
-2.0434366616891598e+20 -2.8871892180989500e+20 1.7731876796255301e+18 1.3598721261585422e+07 1.1258696236179009e+07 5.3883189436867181e+06 3.0620122259336897e+21 asteroid
-2.0434418345915099e+20 -2.8871758269276199e+20 1.7731963849832000e+18 1.7891064992316168e+07 1.7663397063528650e+07 4.7733442624536727e+05 7.5798064135818196e+20 asteroid
-2.0434399851300179e+20 -2.8871846439608792e+20 1.7731367257467090e+18 7.0510573021381358e+06 1.2704301820125146e+07 6.7599337665696181e+06 1.3466278296919199e+21 asteroid
-2.0434393154420995e+20 -2.8871835236890280e+20 1.7731997612039905e+18 -9.9138493599482335e+05 -7.4941904272797005e+05 -8.1008826383967267e+05 6.0603406415344201e+29 device
-2.0434394495944393e+20 -2.8871836251439776e+20 1.7731887919555167e+18 6.2000735153320502e+05 4.6895090640455944e+05 5.0725971416914632e+05 9.7011658762794894e+29 device
