200 17 196
-3.5984430782644311e+06 -1.0528184251632560e+07 -1.2791379192367035e+06 2.6287557238767448e+01 7.6931038388128698e+01 9.3412194083510407e+00 9.7405196199141998e+36 black_hole
-6.2246156175933604e+19 -6.5323465206663700e+19 4.8204153704347597e+17 5.7350390985367703e+04 -5.4335077762384331e+04 1.8144194213236597e+02 1.1617629451686800e+33 star
1.8777886895548101e+19 2.7493285082522100e+19 -1.2246181520907139e+18 -2.3756017292802080e+04 1.6786961005918947e+04 3.4521288492947923e+02 1.0053424315023400e+33 star
5.7579807592778097e+19 -2.0541356607253299e+20 7.4663648446367398e+17 1.8316768025022899e+05 4.9335036288433097e+04 7.2713926597618740e+02 3.1164748920454499e+32 star
-2.7661044222478601e+20 -5.0780819799791002e+18 -1.7692054548884899e+17 4.4213352843360717e+03 -2.4628015109088499e+05 -1.4826181645564500e+03 6.4671124540307404e+32 star
-2.6321967932321998e+20 -1.6464221019159400e+20 -5.4565364811156304e+16 1.4330802440584800e+05 -2.3046650655905300e+05 -6.8950045399928297e+02 1.9097723152456501e+32 star
1.2296923914676499e+20 3.2516445812969800e+19 1.3738376871492401e+18 -2.8401819786409309e+04 1.0759280647902300e+05 -6.2272329619118898e+02 9.0445771167393699e+32 star
1.7967482958490799e+20 1.0615500771712700e+20 7.7075072447406003e+17 -9.4180433647915794e+04 1.5308583540987800e+05 1.2190112337609901e+03 1.8063661474736700e+33 star
1.7701336873329000e+20 1.3265209421094299e+20 -1.6370102831476600e+18 -1.1221567419247900e+05 1.5904522578904399e+05 -2.8327187697054097e+02 6.4573826385078797e+31 star
-1.7550170897597199e+20 2.0235406342972201e+20 1.2549629932874399e+18 -1.7074022865187901e+05 -1.5848269557451500e+05 -1.2340197597595100e+03 9.9994003450228208e+31 star
-1.1595024802388401e+20 -1.6145735905211400e+20 2.1332247231989101e+17 1.3835609592902299e+05 -1.0332004619569601e+05 9.9346039678930893e+01 1.9710934482461399e+33 star
-1.9741506661735000e+20 1.5915938298432900e+20 8.5775016542982605e+17 -1.3542962613509700e+05 -1.7139659155486201e+05 3.3780899091469100e+03 1.5761140938826000e+33 star
2.1157463033264000e+20 -8.8669130012640297e+19 -3.1162526848045000e+18 7.5916124266915300e+04 1.9130006214982201e+05 2.6529684340498802e+03 4.2087066970579701e+32 star
-6.6022621233065196e+18 1.2699372202574301e+20 1.2942273191968700e+15 -1.1184447355770800e+05 -5.4950067518551514e+03 -1.1630367184489523e+03 1.6935151727568299e+33 star
1.8777883172454498e+19 2.7493283165040898e+19 -1.2247712262091310e+18 2.6854009722125866e+07 1.4373154091309380e+07 -3.0931188665316940e+03 5.7457704905445905e+24 planet
5.7579807921004495e+19 -2.0541356529884516e+20 7.4666817686032307e+17 -3.2224518529883632e+06 -5.2507789815139594e+06 -6.1491745961996330e+03 1.4679607651118300e+24 planet
-6.2246155691172995e+19 -6.5323465509446623e+19 4.8202129497859021e+17 -3.2323082648489727e+06 2.2780527273466042e+06 -4.5622923371210054e+03 6.0000000000000002e+23 planet
1.8777886929964716e+19 2.7493282374524920e+19 -1.2246228645801341e+18 1.0458009547812808e+04 2.2632041180390678e+05 -5.1227293917662071e+04 6.0099963054304602e+24 planet
-6.6022634115684669e+18 1.2699372259448901e+20 1.3466807069024295e+15 9.0141744882655889e+06 -5.0918714640834732e+06 -6.4776849323019924e+03 1.1517151234997200e+25 planet
-6.2246155691275051e+19 -6.5323465509182882e+19 4.8202129503484429e+17 -3.2309450569779477e+06 2.2765985555409659e+06 -4.7849970701387647e+03 1.0113219660630700e+23 satellite
5.7579807920626598e+19 -2.0541356530060722e+20 7.4666817680464013e+17 -3.2208703947606920e+06 -5.2511743041734016e+06 -6.0889553767431244e+03 3.1605248451997300e+22 satellite
-6.2246155691007705e+19 -6.5323465509059977e+19 4.8202129498344870e+17 -3.2322560034663151e+06 2.2778048872512588e+06 -4.6123735762846063e+03 8.0907673900915408e+22 satellite
1.8777886679996428e+19 2.7493284718970073e+19 -1.2246187714916506e+18 2.4376700270179982e+05 4.8470968489501020e+05 8.2121687190371426e+05 9.8508090323152996e+22 satellite
-6.2246155691385676e+19 -6.5323465509578203e+19 4.8202129500854272e+17 -3.2310464404297662e+06 2.2776528107363223e+06 -4.7148916753875228e+03 7.3420000000000005e+21 satellite
5.7579807920722149e+19 -2.0541356530084436e+20 7.4666817690139149e+17 -3.2213490063716583e+06 -5.2486748653423553e+06 -6.3427750048295275e+03 1.0383688090367700e+23 satellite
5.7579807921755611e+19 -2.0541356530085983e+20 7.4666817717679872e+17 -3.2238318024417101e+06 -5.2482459158595940e+06 -7.5000108326670033e+03 7.3420000000000005e+21 satellite
5.7579807920503570e+19 -2.0541356529900405e+20 7.4666817689118746e+17 -3.2211724503284520e+06 -5.2511229730539015e+06 -6.1489054864214349e+03 7.3420000000000005e+21 satellite
1.8777886754243178e+19 2.7493284608600166e+19 -1.2246187275255337e+18 1.4877673958894215e+05 6.1651131066367275e+05 7.5914182978533790e+05 1.9812883210051698e+23 satellite
5.7579807921665229e+19 -2.0541356530042608e+20 7.4666817687201638e+17 -3.2236994529145337e+06 -5.2497490244472241e+06 -6.1766306255657501e+03 1.1031564805035500e+23 satellite
5.7579807920858612e+19 -2.0541356529989825e+20 7.4666817687180557e+17 -3.2219260619382439e+06 -5.2514777770226318e+06 -6.1731992100690804e+03 1.4668093420547900e+23 satellite
-6.6022634126197176e+18 1.2699372259336528e+20 1.3466807115779278e+15 9.0160384533962719e+06 -5.0899147428577356e+06 -6.4856705175544494e+03 4.6499286635677399e+22 satellite
-6.6022634126119639e+18 1.2699372259503776e+20 1.3466807505969318e+15 9.0188134341671634e+06 -5.0929653466810780e+06 -6.6716519819090208e+03 6.5004533135892497e+22 satellite
5.7579807921178681e+19 -2.0541356530067767e+20 7.4666817671895475e+17 -3.2229493360403371e+06 -5.2496426879240172e+06 -5.6584961172635167e+03 1.1479902528337700e+23 satellite
5.7579807921936179e+19 -2.0541356529876255e+20 7.4666817684175898e+17 -3.2236475507108597e+06 -5.2515120185205359e+06 -6.1239001120508819e+03 8.0703052084367503e+22 satellite
-6.2246155690340696e+19 -6.5323465509794030e+19 4.8202129494295898e+17 -3.2333819671106054e+06 2.2788396366016078e+06 -4.4994367185556375e+03 1.2836428744134501e+23 satellite
-6.2246155690810376e+19 -6.5323465509144879e+19 4.8202129497334170e+17 -3.2329840826053806e+06 2.2778523713215631e+06 -4.5664717003459436e+03 7.3420000000000005e+21 satellite
5.7579807920585982e+19 -2.0541356530062000e+20 7.4666817683794317e+17 -3.2213206805272806e+06 -5.2501304084663950e+06 -6.0902170066619228e+03 6.6971785523629599e+22 satellite
-6.2246155691103306e+19 -6.5323465509896675e+19 4.8202129501950170e+17 -3.2323226153404973e+06 2.2790389606445967e+06 -4.6291052290170328e+03 1.2896528631265700e+23 satellite
5.7578837036849496e+19 -2.0541268199948000e+20 7.4666608410159795e+17 1.5327121335834216e+07 1.2785001859974399e+07 5.1924118820203412e+06 4.1193510925574702e+21 asteroid
5.7446170169270100e+19 -2.0598223936607401e+20 7.4184556178665702e+17 2.8416210673526161e+03 1.8812626039222909e+04 2.4594802226869098e+04 6.2675844810032305e+21 asteroid
-6.2240882042098999e+19 -6.4486242566714401e+19 4.7492526227582899e+17 9.5228145695853073e+03 1.8487334443954591e+04 2.2769973048553700e+04 4.2485976757777198e+21 asteroid
1.8778797181229302e+19 2.7493300911202800e+19 -1.2246296701704100e+18 4.9434812551024277e+06 2.2081634646430273e+07 2.1364354512567200e+07 2.1458853764127300e+21 asteroid
-6.2245703262018101e+19 -6.5323628787574800e+19 4.8202973422504198e+17 2.4170231875490781e+07 9.6301462860618439e+06 1.0487731200022070e+07 2.9368000000000000e+20 asteroid
-6.2246977846724502e+19 -6.5323541591914799e+19 4.8202945277409798e+17 2.0842725024740356e+06 2.1684170962656368e+07 9.2930161896412224e+06 2.9368000000000000e+20 asteroid
-6.1762695132942197e+19 -6.5030609895060799e+19 4.7689882632468800e+17 3.9009069359801306e+03 7.6082465724738622e+03 2.0442892640217200e+04 4.3567014704094401e+21 asteroid
-6.2245742774369599e+19 -6.5323620911188902e+19 4.8204834607873184e+17 1.7980251958024744e+07 1.7811221928606819e+07 1.6970579913402975e+07 4.7154717720714097e+21 asteroid
1.8778589529837400e+19 2.7493266889972400e+19 -1.2246132025494200e+18 9.0053586580583900e+06 1.4558422292423481e+07 2.4329222952720411e+07 2.3703892040171399e+21 asteroid
-6.2246691816653398e+19 -6.5324362173412598e+19 4.8201519458277498e+17 6.0579266839129785e+06 1.9376249417619221e+07 2.2177562925749954e+07 8.4250212722384705e+21 asteroid
-2.6284667564489199e+20 -1.6520441958137401e+20 -5.0530729598638496e+16 1.5864196887592299e+04 1.4180236836954604e+04 7.3254578941927703e+03 4.0237983219882902e+21 asteroid
-6.6021694266553784e+18 1.2699378417209799e+20 1.3489991876412095e+15 2.0719920083770096e+07 4.1699268576886128e+06 1.4765038266495835e+07 3.5040728144682701e+21 asteroid
5.7579277225895002e+19 -2.0541296760722601e+20 7.4663964574670298e+17 1.8957569151002396e+07 5.2117216125652650e+06 1.3881267564528976e+06 2.8459424391171397e+21 asteroid
-2.6321996291806600e+20 -1.6464212353456200e+20 -5.4564783937397472e+16 2.2598709107020430e+07 1.8251562191538401e+07 1.8348298224627364e+07 1.2904187291065301e+21 asteroid
-2.6400426448002800e+20 -1.6478705896266800e+20 -4.9030731251879504e+16 2.1810033548116000e+04 5.8738234559918801e+03 1.9351497471823299e+04 2.8850153305928200e+21 asteroid
1.8777538049846399e+19 2.7493531075718500e+19 -1.2247679969822838e+18 7.1665545359023884e+06 1.8967165234415498e+07 1.7800360505303379e+07 2.9368000000000000e+20 asteroid
1.7701393310693799e+20 1.3265117991309900e+20 -1.6370065359183099e+18 2.1774532818851583e+07 9.1586493656009026e+06 2.0496850819925100e+07 9.4098650636169301e+21 asteroid
1.8778569990245401e+19 2.7492726773244101e+19 -1.2246138213352100e+18 2.0742999681675594e+07 1.5520743379114246e+07 7.2669521508437032e+06 3.3905708074610501e+21 asteroid
-7.4051223393618903e+18 1.2760909137760300e+20 6.2860385768458500e+15 1.1867444116075817e+03 2.4207895515574983e+04 1.0505037118266300e+04 4.4906914055343498e+21 asteroid
5.7579541431681597e+19 -2.0541269685742698e+20 7.4663853339647104e+17 2.3731276920626327e+07 1.3997506694786025e+07 2.3773028858592925e+06 3.0063116985230201e+21 asteroid
5.7580168822879101e+19 -2.0541294775473200e+20 7.4667326088906496e+17 4.6699115907548927e+06 1.0422353913975872e+07 1.7218751692101806e+07 2.9368000000000000e+20 asteroid
-6.2246013711458304e+19 -6.5322571970351104e+19 4.8202587307600102e+17 1.8403784680187620e+07 5.6016210588898249e+06 1.1875316175918346e+06 5.2756593964477495e+21 asteroid
5.7663467895139803e+19 -2.0461850720581399e+20 7.5632555970820698e+17 4.2221644562177298e+03 6.1321679850003884e+03 4.3350069536908504e+03 6.2065338413235495e+21 asteroid
5.7580313703568998e+19 -2.0541299542499901e+20 7.4665807350581402e+17 1.6983496116639808e+07 5.7791158677172279e+06 1.1240711170163652e+07 7.5399596391809797e+20 asteroid
-6.6022058599300864e+18 1.2699371992258299e+20 1.3478203036678318e+15 1.7820485434574902e+07 1.7444041688407429e+06 5.2313250805127546e+06 1.8999209126469000e+21 asteroid
1.7639832033934501e+20 1.3356027221475600e+20 -1.6331798803383900e+18 1.3641006231382800e+04 5.4366750762146385e+03 2.1514125444100398e+04 2.9368000000000000e+20 asteroid
-2.7661048801512299e+20 -5.0773822832447201e+18 -1.7692271569760998e+17 1.3886950279775390e+07 2.4964798678459249e+07 1.4771537144267961e+07 6.2097126439248200e+21 asteroid
-2.7661049412087700e+20 -5.0780292291407104e+18 -1.7691662361536829e+17 4.9035159306526333e+06 6.8180102389431763e+06 1.5910866210990991e+07 7.8623875060328605e+21 asteroid
-6.6030735935915602e+18 1.2699457088640200e+20 1.3479336747708308e+15 1.1954658557947411e+06 6.0330907524596462e+06 4.1780687697209548e+06 2.6311662241638101e+21 asteroid
-1.9741558358017301e+20 1.5915976018857699e+20 8.5775522661002202e+17 1.0492475300026666e+07 9.8116921993537676e+06 2.2648011280827420e+06 3.3976305968096299e+21 asteroid
1.8777309630002401e+19 2.7493663240151400e+19 -1.2246161746886700e+18 1.8208512055336762e+07 1.6042081398789957e+07 1.5762753808780428e+07 1.0663076168514500e+21 asteroid
-6.2246487037469573e+19 -6.5323228531918799e+19 4.8201055978372800e+17 1.5808168297051402e+07 2.3557836293857180e+07 2.1528263522090323e+07 7.0189323982101503e+21 asteroid
-6.2246995773197697e+19 -6.5323713109745500e+19 4.8201128828277101e+17 1.2914577113443366e+06 8.2178325493238838e+06 2.2268053947687015e+07 4.4792880693160098e+21 asteroid
-6.2246023499078304e+19 -6.5323828822028698e+19 4.8203494124364032e+17 1.2181665674656449e+07 1.1935245923849452e+07 1.9540922935269978e+07 1.2587096221514701e+21 asteroid
5.7580121395240796e+19 -2.0541411248566999e+20 7.4666989657434995e+17 1.1102460939051310e+07 2.2422937140685488e+07 7.9189469633924579e+06 6.8301080482037398e+21 asteroid
-1.1595122145814200e+20 -1.6145646551150599e+20 2.1332544142534099e+17 2.1078402855662122e+07 1.6201358134335784e+07 2.4277068588757597e+07 3.7592616410149400e+21 asteroid
-6.2245709132170797e+19 -6.5323839606229000e+19 4.8202886845072301e+17 1.6213218442809863e+06 1.6704359612420730e+07 1.4341261511274138e+07 2.6583163584936201e+21 asteroid
1.2297018303235300e+20 3.2517202339214299e+19 1.3738460388770299e+18 7.2782080092076743e+06 1.2162675791951492e+07 1.1238830118021568e+07 3.4077743544056703e+21 asteroid
-6.2246894805433500e+19 -6.5323885268327399e+19 4.8201259647100000e+17 2.1541491043707017e+07 1.0239845514259217e+05 2.0994361794531416e+07 2.9470317523259100e+20 asteroid
5.7578989136850100e+19 -2.0541427693904301e+20 7.4667495243510694e+17 1.9000418779148613e+06 1.1223886672270545e+06 1.5288183447901646e+07 7.9473756917297200e+21 asteroid
5.7578813933032301e+19 -2.0541328452433700e+20 7.4665670735357798e+17 2.0971527796226580e+07 1.4773917695776289e+07 1.5757611184145188e+07 4.9421874844075305e+21 asteroid
5.7580679886465098e+19 -2.0541354613272701e+20 7.4667304482329395e+17 2.4280771199284248e+07 6.0436547995282933e+06 1.2477226736456595e+07 3.7653824468580298e+21 asteroid
-6.3029620627912802e+19 -6.6050479184333398e+19 4.9095586258507398e+17 2.3382239781922315e+04 3.0094627004849235e+03 2.5766973664020702e+03 1.3065822607410201e+21 asteroid
-6.2246984178872197e+19 -6.5324120672343900e+19 4.8204006246587597e+17 1.4849665890121177e+07 1.4466416014809122e+07 7.9176819245206714e+06 1.7278744508486700e+21 asteroid
5.7579832891556200e+19 -2.0541397277120401e+20 7.4666534084695194e+17 1.5306288296546401e+07 6.2008203556708470e+06 1.4081467418737555e+07 1.5972509821542801e+21 asteroid
1.8777009248632300e+19 2.7493427126258201e+19 -1.2246130065804101e+18 2.2388152345618989e+07 8.7445243041132868e+05 2.0907894049925476e+07 2.8689441743585699e+21 asteroid
5.7580332939482399e+19 -2.0541335263798100e+20 7.4663559068345702e+17 2.2682585135107152e+06 2.4681342426762737e+07 1.3832615548070289e+07 4.2960383292724698e+21 asteroid
-1.9741517785853900e+20 1.5916029433674600e+20 8.5774278071740902e+17 5.2034202516517192e+06 5.4882393065406894e+06 2.2246344922788661e+07 2.9368000000000000e+20 asteroid
1.8777552690734199e+19 2.7493574258586198e+19 -1.2246122186896399e+18 2.3927521609348908e+07 2.1895645032054134e+07 9.0798115413372554e+06 6.6008276533895296e+21 asteroid
5.8231455278164500e+19 -2.0532546078139099e+20 7.5327197270011494e+17 1.3162544071189282e+03 1.7768945793074501e+04 1.0385665990618600e+04 2.3914249119833302e+21 asteroid
5.7480549192341701e+19 -2.0512900906934800e+20 7.4183429397496294e+17 7.1165310593277300e+03 8.2268833902303231e+03 9.6365513692154891e+03 1.9824348868106301e+21 asteroid
5.7580349493427798e+19 -2.0541325009899399e+20 7.4667190128546202e+17 2.3710670589359410e+07 1.6989472363286734e+07 1.8868147941077058e+06 3.7631998453032702e+21 asteroid
2.1157492937906301e+20 -8.8669278367518294e+19 -3.1162637754294902e+18 1.0998293656238273e+05 4.2044609653665209e+06 2.4626995317050282e+07 1.7733153423078701e+21 asteroid
5.7579739971028304e+19 -2.0541445299713199e+20 7.4665781909154304e+17 1.4231468580652973e+07 1.7466063120330822e+07 2.8386222328194994e+06 2.9368000000000000e+20 asteroid
6.0750940142137588e+14 1.7205363182479588e+14 7.5813062847079922e+12 2.6137089311583526e+05 4.0807983614624846e+06 1.2880630699965790e+07 4.3942940308399802e+21 asteroid
-2.6322006311098299e+20 -1.6464287604968299e+20 -5.4558611615811800e+16 7.4134960440242542e+06 1.5347908471404511e+07 1.2262828495639447e+07 3.4906418237716897e+21 asteroid
5.7579644595351798e+19 -2.0541309231885998e+20 7.4667378394829901e+17 2.3183656624101941e+06 9.5082939608033411e+06 2.3124640745727021e+07 5.5347785506119798e+21 asteroid
-6.2245453922170102e+19 -6.5323492636801597e+19 4.8202716384217498e+17 2.2510124028513551e+07 1.4917408651813261e+07 1.7619651233676560e+07 7.9900941824698698e+21 asteroid
-2.6322033294181299e+20 -1.6464295039173401e+20 -5.4566252948660496e+16 4.3670151700620102e+06 1.4809283162421568e+06 1.1224664599466128e+07 4.6848328365842301e+20 asteroid
5.7579225292915401e+19 -2.0541267382609599e+20 7.4667292335611904e+17 1.8551482762204923e+07 1.9129303173211586e+07 1.4693530766429441e+07 6.2709753736070001e+21 asteroid
-6.6017315662999900e+18 1.2699402701261699e+20 1.2985040925773198e+15 9.3400252966398012e+05 2.0718731326180741e+07 1.2636077980229478e+07 2.9368000000000000e+20 asteroid
-6.2245266662703104e+19 -6.5323633840875004e+19 4.8200866936535898e+17 4.5004456737502394e+06 1.0450991799024366e+07 2.3400667825818192e+07 2.3496265857441100e+21 asteroid
1.2296872850684001e+20 3.2516012940102500e+19 1.3738296783208801e+18 5.4077225836807834e+06 2.2312369177916512e+07 3.8688847911620038e+06 4.7216207427629099e+21 asteroid
-6.2245931975550198e+19 -6.5323775868405096e+19 4.8201880896164800e+17 5.2453377787261466e+06 1.8032718398053735e+07 2.5602133958165934e+06 1.9292590512068299e+21 asteroid
-6.2247118109846299e+19 -6.5323763386934198e+19 4.8203810085624102e+17 2.1833102409500852e+07 1.7689951602406740e+07 2.1495141779694997e+07 2.9368000000000000e+20 asteroid
-6.2245767155207299e+19 -6.5324188588564701e+19 4.8202229193446797e+17 1.4580086537650474e+06 2.2678005278590608e+07 2.0561981268093534e+07 3.8238332123624998e+21 asteroid
-1.7461125631826900e+20 2.0161526476602399e+20 1.2647996684006600e+18 5.0494119981359199e+03 1.2402731001038601e+04 2.4208404624562700e+03 6.8511764599724405e+21 asteroid
-6.6028014318266235e+18 1.2699320527045701e+20 1.3474753539075820e+15 5.8708890318242982e+06 1.0504475298959462e+07 1.3017009778231988e+07 6.0819144178669296e+21 asteroid
5.7306166506868498e+19 -2.0466458709593699e+20 7.5261240548368000e+17 1.2833517178609300e+04 1.0631704162795497e+04 5.1084423890657299e+03 2.9368000000000000e+20 asteroid
1.8209757840424700e+19 2.8191450291058901e+19 -1.2297414637286400e+18 2.0066523794083070e+04 2.0188307279835119e+03 1.2654167078438304e+04 3.5213936798201702e+21 asteroid
1.9138416883175899e+19 2.6933699246681301e+19 -1.2250355583095099e+18 7.2167728305551855e+03 6.1288183918735433e+02 2.4842889083265702e+04 5.5577095594373305e+21 asteroid
1.7701403692624101e+20 1.3265170207255400e+20 -1.6370062702943201e+18 3.1105371563096177e+06 5.5403171873145737e+06 1.9010943339729380e+07 5.9841505141842300e+21 asteroid
-6.1881546000275800e+19 -6.5371760915573400e+19 4.8966643140549498e+17 1.5316819113211333e+04 1.5303879991278916e+04 1.2265195202474200e+04 2.9368000000000000e+20 asteroid
5.7579799697278902e+19 -2.0541368551572301e+20 7.4665999638761869e+17 1.6841564960707884e+07 2.3639507426163811e+07 1.0359088051716030e+07 6.5043019577693695e+21 asteroid
1.8778080286793802e+19 2.7492642297279599e+19 -1.2247663881452700e+18 1.9307615724165782e+07 9.8160090933006126e+06 9.1898566776282247e+06 4.8664397943023904e+21 asteroid
5.7579408632583201e+19 -2.0541351340338699e+20 7.4663866671581005e+17 1.5574688932370655e+06 5.6329035976324687e+06 5.6388425049141585e+05 8.0760840621459998e+21 asteroid
1.7701247645278300e+20 1.3265268546457700e+20 -1.6370105877137101e+18 7.0283363795527052e+06 2.5993369018371846e+06 3.0981348607303700e+06 2.9368000000000000e+20 asteroid
5.7205388443638104e+19 -2.0632740720563601e+20 7.4254117374329203e+17 1.9168190131004500e+04 5.2770374899429535e+03 5.3668945105294497e+03 5.7507704770624896e+21 asteroid
1.8777558549267100e+19 2.7492801542907302e+19 -1.2246209833274801e+18 1.0404969084115196e+07 1.0914041795246841e+07 2.0412435796395972e+07 1.3367286452539401e+21 asteroid
5.7580408409470099e+19 -2.0541326029120700e+20 7.4666479870286502e+17 4.6027711437666109e+06 2.1880268010491598e+07 1.5238228055031963e+06 2.9368000000000000e+20 asteroid
1.8777528582091801e+19 2.7492652730299302e+19 -1.2246237586042399e+18 1.5662117711296106e+07 6.7281034544450855e+06 2.2083289744725423e+06 4.1011701209997703e+21 asteroid
-1.7601533153137299e+20 2.0208676054489101e+20 1.2565661458798001e+18 3.9141676361581181e+03 3.9318677355904501e+03 1.9047196486962701e+04 5.3685972126527704e+21 asteroid
2.1157541138563400e+20 -8.8669538353551507e+19 -3.1162579422821402e+18 1.5436033851532571e+07 1.9728880081603784e+07 2.0063830122342948e+07 1.9248769631506800e+21 asteroid
1.7701335152422401e+20 1.3265285101175000e+20 -1.6370093302081201e+18 1.2813279446887860e+07 9.0498559073844180e+06 2.3477821335043680e+07 3.8384341751047499e+21 asteroid
-5.8852940639481999e+18 1.2634387010894401e+20 1.0094605379326100e+16 2.1181456851677685e+03 5.3804241862381659e+03 1.1224230751971600e+04 1.1414703487767301e+22 asteroid
-6.2246487883922604e+19 -6.5323307189019501e+19 4.8202176213257395e+17 3.1138853054572218e+06 1.7037174998807095e+07 2.3273453560639139e+07 1.6978155600133400e+21 asteroid
1.7701425280305499e+20 1.3265243671555999e+20 -1.6370111289810099e+18 1.4637839028554019e+07 7.4072406064485237e+06 9.7211119844501615e+06 4.1689323731402998e+21 asteroid
1.8778461343546200e+19 2.7493178706994700e+19 -1.2246231960636800e+18 7.7710725698789824e+06 7.1420153060842194e+06 2.1072430296482489e+07 3.5491113110677703e+21 asteroid
1.8778418018839900e+19 2.7492785816250798e+19 -1.2246274609784000e+18 7.3016613590997551e+06 1.0553962586593542e+06 1.0280543489526020e+07 6.5112852168333098e+21 asteroid
-6.2245269597895197e+19 -6.5322803099713004e+19 4.8201646045627002e+17 2.0739952148627821e+07 2.0388909407331053e+07 2.1668643885300983e+07 2.9368000000000000e+20 asteroid
-6.2245632906375299e+19 -6.5324062040973500e+19 4.8202856520111002e+17 1.3479995986055728e+07 7.1195162276828978e+06 1.0992081936166137e+07 3.9208462283522599e+21 asteroid
-1.1668207583190299e+20 -1.6199701480225600e+20 2.2095121960022202e+17 1.4362994447423075e+03 1.8978866294343916e+04 6.4823386099983200e+03 2.9368000000000000e+20 asteroid
1.8778324976026599e+19 2.7494077555854299e+19 -1.2247657987836201e+18 3.4789644903612919e+06 1.1755543363264699e+07 2.1592678776748486e+07 3.4305683387848699e+21 asteroid
-6.2246035348876198e+19 -6.5323267200783303e+19 4.8201272203974298e+17 9.8834278376835044e+06 2.1781965869938839e+07 1.9403450975366354e+07 4.0856592071092501e+21 asteroid
-2.7661076250553601e+20 -5.0782121088265400e+18 -1.7692057092087149e+17 1.0124917171507791e+07 2.1892750535880677e+07 6.6439247632802585e+06 2.9368000000000000e+20 asteroid
5.7579785410173002e+19 -2.0541431591777101e+20 7.4667058416772698e+17 7.5378374487776607e+06 1.9410321831206896e+06 1.3537918502845814e+07 2.2286317010745900e+21 asteroid
5.7579849633749901e+19 -2.0541325290502000e+20 7.4666818574503706e+17 2.1942077886277787e+07 1.2582777752040954e+07 1.3901621923375295e+07 3.7242618815395602e+21 asteroid
1.8777922340597199e+19 2.7494159705019199e+19 -1.2247810603642299e+18 1.7479529497440927e+07 2.4442346761470757e+07 9.4851223387289383e+06 2.1550314499459299e+21 asteroid
-6.2246698762461503e+19 -6.5323079618824602e+19 4.8204400391271200e+17 1.3112666500449512e+07 6.9478884203835800e+06 2.4610772687585272e+07 4.4152406331121499e+21 asteroid
5.7579761863755096e+19 -2.0541269836904599e+20 7.4665788502258099e+17 1.7826592228301838e+07 5.9093425070708175e+05 1.3001808174224064e+07 5.0460201142750502e+21 asteroid
5.7027225889611399e+19 -2.0446553380236401e+20 7.5656834559844698e+17 1.4349091517945601e+04 2.3259189998125399e+04 9.4908802007268896e+03 2.7481472944965901e+21 asteroid
5.7858291707780399e+19 -2.0564767354465599e+20 7.5507734974804506e+17 7.9427648168533442e+03 1.8578879920786916e+04 5.5201743339538098e+03 1.6541078572911700e+21 asteroid
1.8778332650993598e+19 2.7493396732869800e+19 -1.2246200081526001e+18 6.6838006458427496e+06 1.7839383916651390e+07 6.2289743247201126e+06 5.5260736851258900e+21 asteroid
-2.6322046024715901e+20 -1.6464305232594901e+20 -5.4564483495022000e+16 9.1258991657622997e+06 2.0878661739672804e+06 2.3239244595285878e+07 2.1778534551187300e+21 asteroid
-6.6029101317345802e+18 1.2699423982642001e+20 1.3007112630606145e+15 2.2565621045482602e+07 2.3812359670181692e+07 1.7053000939293906e+07 5.4008210856941904e+21 asteroid
-6.2245687818833797e+19 -6.5322901034599301e+19 4.8201647486699098e+17 8.9338603773300331e+06 8.5095889770384077e+06 1.7282384234750338e+07 2.8024107749670000e+21 asteroid
2.1120899710310298e+20 -8.8919548376984093e+19 -3.1122917040886902e+18 1.5749125610254216e+04 2.9508076022764558e+03 1.2686619532572400e+04 1.1652900320505700e+21 asteroid
-1.1594947391434899e+20 -1.6145797026805799e+20 2.1331581683302598e+17 9.7319530468235817e+06 2.3286726610589061e+07 3.9211687985006664e+06 2.9368000000000000e+20 asteroid
-6.1947626846907400e+19 -6.5848714194088100e+19 4.7989936958657901e+17 1.7379606545884493e+04 1.1757390546258832e+04 2.1554994280251100e+04 3.0418660624877098e+21 asteroid
-1.7550184030261799e+20 2.0235398351243801e+20 1.2549577434749243e+18 9.5103996374071352e+06 2.1359643130117919e+07 1.4306073125081655e+07 5.4094664731125696e+21 asteroid
1.8777237319780700e+19 2.7492820886955799e+19 -1.2247692162957993e+18 1.2885839359942993e+07 1.5195690814913964e+07 7.6967011669137119e+05 2.9368000000000000e+20 asteroid
5.7580656359450796e+19 -2.0541271473077400e+20 7.4667122649752205e+17 1.5164593802156080e+06 9.5868543916242325e+05 9.1940054055906665e+06 3.1414215315544599e+21 asteroid
3.7242218125308406e+14 7.7158690831915656e+13 -3.7878439485284736e+12 2.3386739246870144e+06 2.1810493090528987e+07 2.2288441885022804e+07 3.8996670887913901e+21 asteroid
1.8777007723094901e+19 2.7494148666649301e+19 -1.2247645266447301e+18 1.8434631473297324e+07 1.2589150466186209e+07 1.9587943046913095e+07 1.3864093780348201e+21 asteroid
2.1245081669582501e+20 -8.9027698012893495e+19 -3.1170109642374999e+18 3.2195742831935299e+03 2.2521676487023200e+04 2.2397752172133001e+04 4.3814557834946302e+21 asteroid
-1.1595120973849200e+20 -1.6145728914530301e+20 2.1333057645635002e+17 1.9994292339104809e+07 1.3054494022029297e+07 5.4973979690137971e+06 3.2008595487874398e+21 asteroid
5.6895885411347898e+19 -2.0509864630769598e+20 7.4908186748921997e+17 2.1728638287003199e+04 8.1953387170165006e+03 1.9541938150367601e+04 3.6168420291038198e+21 asteroid
-1.1653014681183401e+20 -1.6051703837834501e+20 2.2270205528899501e+17 1.4023529188857108e+04 2.3652779086185994e+04 9.4541995442315692e+03 2.5116738242872900e+21 asteroid
1.7967459776569200e+20 1.0615526086762701e+20 7.7074330211154598e+17 1.6041889550053701e+07 1.0317340129489077e+07 1.1344532089066682e+07 1.9578618462847401e+21 asteroid
-1.1595093140773100e+20 -1.6145753962165600e+20 2.1331559455256026e+17 1.2366356074467497e+07 2.3612731356091458e+07 1.4426305444928834e+07 3.4553615804722200e+21 asteroid
5.7580715773162398e+19 -2.0541343746366099e+20 7.4662706376037798e+17 1.2209489751743726e+07 2.0771544667002872e+07 1.7394379200517092e+07 2.9368000000000000e+20 asteroid
-1.1574052209214500e+20 -1.6110852012892399e+20 2.1232072764260800e+17 2.1775308226568446e+04 1.0071077158269914e+04 2.3149421062430602e+03 2.9499338302400999e+21 asteroid
1.8941489607141999e+19 2.8456511253921898e+19 -1.2233536594500900e+18 1.1220737983159557e+04 5.6111531737229716e+03 1.4085032026763703e+04 4.4796302701834199e+21 asteroid
1.2296843138158800e+20 3.2517213417882800e+19 1.3738383844933499e+18 5.5571200861105127e+06 2.0634751826204408e+07 1.1019656254490823e+07 2.9368000000000000e+20 asteroid
1.2335107854288699e+20 3.2335663037358199e+19 1.3657703811568100e+18 4.3782838486921955e+03 2.1405530255505415e+04 1.3366670470908401e+04 4.3266586915274401e+21 asteroid
5.7580580841312199e+19 -2.0541361928207899e+20 7.4666654440118106e+17 2.3754999227790698e+07 2.1193093060937304e+07 1.3790295228536366e+07 2.1551789739477699e+21 asteroid
5.7723391063619699e+19 -2.0579636269856899e+20 7.5394284853343795e+17 2.4502838136604092e+04 3.3907576918713116e+03 2.4068578442838800e+04 1.1333817196588000e+22 asteroid
-6.6026184635785503e+18 1.2699456761272300e+20 1.3448162384747498e+15 2.3790484506763253e+07 8.2994562095308863e+06 7.8111530862281146e+06 2.2476323376392501e+21 asteroid
2.1136577936863101e+20 -8.9341688737516208e+19 -3.1081741361253402e+18 2.3760117400651699e+04 1.5586081020673278e+03 1.3530729546951099e+04 2.8228892596523699e+21 asteroid
5.7580184952081400e+19 -2.0541307015431799e+20 7.4666422678219200e+17 2.2630640204128888e+07 2.2386285025964450e+07 1.5403948671468467e+07 5.0526770795435597e+21 asteroid
-6.2157570322424799e+19 -6.5650670182536298e+19 4.9077495486581498e+17 3.0777721748947943e+03 1.2813232215386690e+04 1.4119726806424396e+04 2.9368000000000000e+20 asteroid
5.7579340166654697e+19 -2.0541387977766601e+20 7.4667109271204506e+17 1.5628729672010222e+07 7.8569018681986686e+06 1.5438019874678893e+05 2.9368000000000000e+20 asteroid
2.1157508889071501e+20 -8.8668888610350399e+19 -3.1162509069157801e+18 2.3829939906182718e+07 7.1870175536333295e+06 2.1072364587381888e+07 3.9962058439493498e+21 asteroid
5.7579045710794097e+19 -2.0541347041422302e+20 7.4665660349582502e+17 3.3486634467142751e+06 1.8972003865204591e+07 1.4241903598528018e+07 7.4540722365131496e+20 asteroid
5.7108281144117199e+19 -2.0513040313877601e+20 7.4998023380849101e+17 5.4176360474297881e+03 1.7508103937946900e+04 1.9821234104849998e+04 4.8201366422420204e+21 asteroid
-6.2246677646487601e+19 -6.5322843713670300e+19 4.8201601161487098e+17 2.3439731205773123e+07 2.4775842891960829e+07 5.1952526968543809e+06 6.1592576489598097e+21 asteroid
5.7580256416129999e+19 -2.0541416600497000e+20 7.4667141794067098e+17 1.9403386090983931e+07 6.5904919082855163e+06 7.7495727663922412e+06 7.7913946112441097e+20 asteroid
-6.2246513065499804e+19 -6.5323869900203303e+19 4.8201607049811699e+17 8.5251722295497905e+05 3.1747486948335258e+05 1.3122349683211124e+07 3.6766431675689997e+21 asteroid
1.8778580595133501e+19 2.7494235711857099e+19 -1.2246217530655201e+18 8.7256294435885567e+06 1.1767367791800937e+07 1.1281236790235525e+07 4.7254214686116896e+21 asteroid
5.7014211362083897e+19 -2.0480893186799102e+20 7.4683017455920102e+17 1.1923249632948104e+04 8.1860460857039780e+03 6.0377554478831798e+03 3.2498827136111000e+21 asteroid
-1.1594928202441900e+20 -1.6145791320928600e+20 2.1331657473800000e+17 1.3014977414239310e+07 1.2874638831462124e+07 1.9066800334081341e+07 4.1582181928293903e+21 asteroid
1.9578594021462200e+19 2.6882327673535201e+19 -1.2236251627980101e+18 3.4013992325621834e+03 1.9660564857861147e+04 6.7438689801791895e+02 2.9368000000000000e+20 asteroid
5.7527666946777596e+19 -2.0628494081750499e+20 7.4419773620321203e+17 2.2898369092629600e+04 8.5836308283108738e+03 7.4344607558810903e+03 3.3007646110066698e+21 asteroid
5.7578874968461697e+19 -2.0541398206413301e+20 7.4667146141722803e+17 1.8655414429775041e+07 1.7582777504178625e+07 1.2269058183774270e+07 2.9368000000000000e+20 asteroid
5.8312033694159897e+19 -2.0455871523428801e+20 7.3791772790590605e+17 1.7005303976386698e+04 2.4846046083996102e+04 3.1912845996576498e+03 5.5754137082807001e+21 asteroid
-2.7661047969932401e+20 -5.0787247486009293e+18 -1.7691566363066800e+17 2.1054553127557924e+06 2.1188104019481827e+07 1.8445049234327011e+07 5.2728219912318495e+21 asteroid
1.7871400378527000e+20 1.0646525186728100e+20 7.7219800619535795e+17 1.9477956593928015e+04 1.2245173515424496e+04 1.2284800365660700e+04 3.1541434226289698e+21 asteroid
-6.2246597578009002e+19 -6.5324126989409403e+19 4.8201887506538899e+17 1.7233858150450680e+06 2.9887875304876622e+06 1.7389801944299795e+07 2.9368000000000000e+20 asteroid
5.7579150820143702e+19 -2.0541269555036701e+20 7.4665961606800000e+17 1.5321788163344895e+07 1.9396326158077654e+06 1.7562746764238641e+07 2.9368000000000000e+20 asteroid
-6.6032371921237402e+18 1.2699397824300800e+20 1.3416468746357888e+15 1.4441181854091102e+07 1.3927103885550225e+07 1.1399046280283615e+07 5.9980897726118201e+21 asteroid
5.8025451254202900e+19 -2.0490735468093499e+20 7.4901845450381504e+17 2.8259111893298711e+02 2.4093448951698800e+04 1.3795291348913201e+04 1.2679927130957100e+21 asteroid
-2.6234537466535700e+20 -1.6553750848330200e+20 -4.8200841678289000e+16 1.2398723237251899e+04 9.2934074946345299e+03 2.1811069286392001e+04 2.7729152299693098e+21 asteroid
1.7967430348834000e+20 1.0615517420198099e+20 7.7074163837338906e+17 4.5258769825326502e+06 2.2238868659250601e+06 1.3175862136619031e+07 3.0907704327403202e+20 asteroid
1.8777346155262898e+19 2.7492738214171300e+19 -1.2246250036060401e+18 1.5294612732353572e+07 2.0294280908870079e+07 1.2605414318220234e+07 1.9772167342786200e+21 asteroid
5.7579278757107204e+19 -2.0541274529055402e+20 7.4666002171689395e+17 2.5567628352864092e+04 6.1201444473869735e+06 9.5576261386396773e+06 2.9368000000000000e+20 asteroid
5.7579926585039200e+19 -2.0541433910580701e+20 7.4667338971563098e+17 7.6984400218756637e+06 5.1541866447290899e+06 1.6377205158715246e+07 5.3580981916299596e+21 asteroid
5.7579504620909502e+19 -2.0541382659113900e+20 7.4665850686370803e+17 1.7731946342915211e+07 6.2455176296612229e+06 2.1252396290338643e+07 3.2684223048269698e+21 asteroid
-2.6321994102652699e+20 -1.6464225955677700e+20 -5.4573435430418168e+16 5.5269062610284341e+06 9.4395960991293360e+06 1.3583046392754575e+07 2.2835023912851601e+21 asteroid
1.8777793917125816e+19 2.7493154553268330e+19 -1.2247215074772147e+18 1.5166880620861597e+07 2.1058168792325333e+07 1.6029334896646222e+07 1.7971494431199999e+21 asteroid
1.8777887119227732e+19 2.7493283609852522e+19 -1.2246221834527209e+18 -1.9885795424497242e+04 2.5302211156489400e+04 -1.6474020662529074e+05 2.4074964581424898e+29 device
1.8777891222805594e+19 2.7493276700298437e+19 -1.2246092060872791e+18 -6.8744799998908804e+05 1.1507076108388314e+06 -2.2697400924398415e+06 5.9925694338096503e+29 device
1.8777877205660660e+19 2.7493300164880937e+19 -1.2246556279568635e+18 1.5950445095781509e+06 -2.6692551555780191e+06 5.2942361963138571e+06 2.6329624620471002e+29 device
