30 2 27
-8.5496466338464909e+05 -4.8926974796594501e+07 -4.6305803464428693e+08 1.7641811988895731e-01 1.0095969211269100e+01 9.5551996408015697e+01 7.5069545009891002e+36 black_hole
1.8308662207406899e+20 2.5630838660228801e+19 1.4266064987056241e+18 -2.2453787988174296e+04 1.6264016057927391e+05 1.5013543817626128e+03 1.9507996033956499e+33 star
1.8308664034506627e+20 2.5630832415095112e+19 1.4265922134397709e+18 -2.9882479608691260e+06 9.8445745712793444e+05 2.2583923607838064e+05 1.3091713128090100e+25 planet
1.8308663333284266e+20 2.5630836579060335e+19 1.4265947285865946e+18 -2.3415772471678494e+06 6.0211296355322876e+05 -7.3950338667317283e+03 7.3420000000000005e+21 satellite
1.8308663332686778e+20 2.5630836611148976e+19 1.4265947288563136e+18 -2.3408695847121673e+06 5.9650026447561954e+05 -7.4096647599164617e+03 7.3420000000000005e+21 satellite
-6.3496502697915612e+14 6.8096427657875775e+14 -1.1334817356908080e+14 6.1701399149319064e+06 1.2933783370002331e+07 2.1699968166307908e+07 3.4371651075005701e+21 asteroid
1.8322329028948099e+20 2.4691427902907699e+19 1.4294296572809001e+18 1.7065917763502780e+03 1.4357661400418530e+04 5.2508403755337504e+03 5.3792648811226805e+21 asteroid
1.8212165651483001e+20 2.5707188871625302e+19 1.4294017244800100e+18 6.9501171020268077e+02 8.2475037768282691e+03 9.3942176478842703e+03 9.3849733739982503e+21 asteroid
1.8308675397366799e+20 2.5630624786714898e+19 1.4264833854121444e+18 1.0852242606153041e+06 3.2524707625952652e+06 2.4230506127011798e+07 4.4855369275202402e+21 asteroid
1.8308599827517800e+20 2.5629948370616701e+19 1.4264876299516401e+18 9.6772666977624353e+06 2.2480166277608115e+07 2.0426637651375398e+07 4.5839948577483800e+21 asteroid
1.8308636478676599e+20 2.5631119156185096e+19 1.4264811060718851e+18 1.9505532291688427e+07 2.9999609666958558e+06 2.4796333103948358e+07 1.3867841416642699e+21 asteroid
1.8319643722956200e+20 2.5332344295451701e+19 1.4360388114168699e+18 3.5212080481245353e+03 2.0039005008131047e+04 1.0025388068382133e+04 4.0966459598651701e+21 asteroid
-8.4272295256926797e+17 -9.0272707652280704e+17 -6.0161625906655900e+14 8.4613045339423661e+03 2.1344951499912007e+04 6.9640853454190437e+03 5.0495010098439499e+21 asteroid
1.8308749142093500e+20 2.5630303657836601e+19 1.4265965886960901e+18 1.2162137466141149e+07 2.1461911773501180e+07 5.1010313861069106e+05 9.9682670452696901e+20 asteroid
1.8308710513950500e+20 2.5631426283586200e+19 1.4265163610960499e+18 1.4631445449594006e+07 2.0039987036809735e+07 1.7269320567156117e+07 3.0362117772531298e+21 asteroid
1.8308741067476199e+20 2.5630279461031600e+19 1.4264971897387100e+18 1.1848067620828912e+07 1.2659762798506720e+07 2.0876660786409486e+07 6.9890985530016200e+21 asteroid
1.8308709284237201e+20 2.5629978406652699e+19 1.4265673739193700e+18 1.9533911733496755e+07 7.1647958910382437e+06 7.3964494468149515e+06 6.8023648012770801e+21 asteroid
1.8308569927918200e+20 2.5630062735680700e+19 1.4264963283741299e+18 2.4845140843126353e+07 8.7485112660071403e+06 2.0040735316851024e+07 3.5475396928527401e+21 asteroid
1.8308676523726501e+20 2.5630105040816800e+19 1.4265492926742600e+18 2.0649626450700627e+06 4.3231932764971312e+06 9.3655543582040910e+06 1.4639632938929700e+21 asteroid
1.8308615533478199e+20 2.5630708416331801e+19 1.4265251421824499e+18 1.1600820614895642e+07 1.6451623144120947e+07 1.4057664699008428e+07 6.4528020703194697e+21 asteroid
1.8308695226420701e+20 2.5630669194520801e+19 1.4265809783676401e+18 2.4685763106533051e+07 1.0507546112832597e+05 3.2544633172811642e+06 2.9368000000000000e+20 asteroid
1.8308603305491199e+20 2.5631220942605341e+19 1.4265033211506401e+18 2.1991137899202473e+07 5.4184988665399207e+06 1.9640569423594262e+07 5.1520477618672899e+21 asteroid
6.3651219540107575e+14 7.8919009318195112e+14 -1.8777377927487832e+13 9.4333678437557109e+06 2.0722724535022169e+07 5.7151190667765485e+06 4.0532088056285799e+21 asteroid
1.8356709339759201e+20 2.5062141493317599e+19 1.4333815992749801e+18 5.4656098647900162e+03 6.7675326450073671e+03 2.0896130327001902e+04 7.1760218887315404e+20 asteroid
1.8308748007502699e+20 2.5630934800901898e+19 1.4265826578903800e+18 2.0193500246985201e+07 1.4869118871658750e+07 5.0100811826887159e+06 1.5655298417157399e+21 asteroid
-2.4432123024118516e+14 3.3043463920838832e+13 -2.7864726300897062e+13 3.9495385058894958e+06 2.0267635976384487e+07 4.7913454153165985e+06 1.1759701297116300e+21 asteroid
1.8216336473692901e+20 2.5605481634133901e+19 1.4236916534090399e+18 4.1260767479258875e+03 7.7581923978814602e+03 3.7592786478149501e+03 3.4875881024074699e+21 asteroid
1.8308635445011402e+20 2.5630648931673137e+19 1.4265501046140419e+18 2.3370322882358212e+07 1.7901783847055472e+07 4.1104809160613087e+06 8.2494708201188596e+21 asteroid
1.8308609368980737e+20 2.5630161747936674e+19 1.4266227709753249e+18 4.7413926215177581e+07 6.2821945825246193e+07 -2.5893530110275792e+06 5.4544133971872900e+29 device
1.8308701230558124e+20 2.5631378903223157e+19 1.4265725953966303e+18 -3.7284791710438445e+07 -4.9402555720319763e+07 2.0369462117369983e+06 6.9359133895698602e+29 device
