40 3 37
-3.4668526610230201e+08 -1.9574631286718801e+08 -4.2408106331396401e+08 6.7932847636279405e+01 3.8356372743026697e+01 8.3098224974089703e+01 8.3238852770821595e+36 black_hole
1.3114335256022599e+20 -1.4898998099555500e+20 4.5578564659220000e+17 1.3128113657596300e+05 1.1077530746639799e+05 -3.1977106356837398e+03 4.7555039154386199e+32 star
-2.0434397109818301e+20 -2.8871829368126200e+20 1.7732507058134999e+18 2.4729002420067639e+05 -1.7771601753447475e+05 -9.6809658196451494e+02 1.9820747896894399e+33 star
-2.0434398048256849e+20 -2.8871831444995831e+20 1.7732406733569505e+18 1.6226023899004371e+06 1.7973431557681889e+06 4.4101277737156610e+05 1.2012218191161600e+25 planet
-2.0434397621696079e+20 -2.8871829475317652e+20 1.7732460573152870e+18 1.2340590066859680e+06 2.3703534858455860e+04 -6.2325786354753880e+04 1.6277651208060600e+22 satellite
-2.0434397619849586e+20 -2.8871829476144677e+20 1.7732460604567680e+18 1.2298867581738292e+06 2.3844373902558946e+04 -6.2773239280660455e+04 1.4048868387032300e+23 satellite
-2.0434397622169190e+20 -2.8871829473994464e+20 1.7732460562357373e+18 1.2350421715208646e+06 2.2951958271602394e+04 -6.2271012822334691e+04 2.2682577691023000e+23 satellite
-2.0435062991053701e+20 -2.8883462349514002e+20 1.7786777452897400e+18 1.1069758389485263e+04 1.1693533866897462e+04 1.1148246679094347e+04 3.0473867206656498e+21 asteroid
-2.0434343993145102e+20 -2.8871845972196400e+20 1.7731265720959601e+18 2.0617444102795579e+07 1.7555173153859153e+07 2.3860373801405247e+07 3.3095293058142201e+21 asteroid
5.0334252725375359e+13 -2.1413520481650406e+14 -1.0589922184671898e+14 2.0160657199569423e+07 1.8448786949779570e+07 2.2168412910141807e+07 2.9368000000000000e+20 asteroid
-2.0359954297639099e+20 -2.8804555060514400e+20 1.7710277614205000e+18 1.5140063796193190e+04 1.3487616874914489e+04 1.0042304455517500e+04 2.9368000000000000e+20 asteroid
-2.0434366128140629e+20 -2.8871893060233701e+20 1.7731589217657400e+18 4.3993797043657778e+06 1.0797716842167804e+07 1.7185370215206213e+07 3.0988206835924300e+21 asteroid
-2.0434334537457500e+20 -2.8871877768389699e+20 1.7731580617680901e+18 6.6653542744513089e+06 6.1683455330764204e+06 1.7350599380294137e+07 2.9368000000000000e+20 asteroid
3.4774008756251044e+14 -2.7023200665091744e+14 -6.8208461418206123e+12 2.0945714505762804e+07 2.0706246168968543e+07 2.0438283159953137e+06 2.9368000000000000e+20 asteroid
-2.0436128378771499e+20 -2.8918605640818701e+20 1.7717494855728699e+18 2.4086889451297200e+04 1.9896391439658502e+04 4.2788808267604900e+03 2.9368000000000000e+20 asteroid
8.0514062011674362e+14 -2.7417916538544791e+14 -2.0904918432326332e+13 1.9431896480980664e+07 1.0559157864061926e+07 4.8492953172536260e+06 4.5856391379109900e+21 asteroid
1.3114398876727299e+20 -1.4899012580513399e+20 4.5578285738667302e+17 2.4977917242415048e+07 1.5762215915571844e+07 1.4901039713666158e+04 3.6626699184102797e+21 asteroid
-2.0434347872729399e+20 -2.8871835987855101e+20 1.7731874009525601e+18 2.2541845650772318e+07 3.5505468182400689e+06 1.0257840562951062e+07 2.9368000000000000e+20 asteroid
-2.0434360631318902e+20 -2.8871804486985400e+20 1.7731395223554299e+18 5.6752181927382601e+06 1.7495873643258244e+07 1.9064273922617462e+07 6.2183995799243601e+20 asteroid
-2.0434502157526601e+20 -2.8871796948145999e+20 1.7731482373091500e+18 1.8792756625024471e+07 1.7391987333351824e+07 1.8846574862822957e+07 3.6621780713104102e+21 asteroid
-2.0460152067628499e+20 -2.8925112567524701e+20 1.7665636329604600e+18 3.9939424583996861e+03 1.6549837773632542e+04 2.3728928691978301e+04 2.4963963974797298e+21 asteroid
-2.0434435749137501e+20 -2.8871770864623000e+20 1.7731885927109701e+18 1.6989815274901751e+07 6.2531629416128611e+06 1.1781571535353811e+07 1.9176464419698799e+21 asteroid
-2.0434448778300201e+20 -2.8871855575961200e+20 1.7731594943742700e+18 6.9823364066426056e+06 9.2435626683406010e+06 1.6794612414020229e+07 5.2873611752580202e+21 asteroid
-1.0096330588494611e+15 -3.6325665817748016e+13 -1.9243482783152828e+13 1.3395484015842736e+07 3.0625064802795090e+06 4.7070728310631150e+06 2.9368000000000000e+20 asteroid
-2.0434432500621099e+20 -2.8871868129799048e+20 1.7732223283197199e+18 1.9397008031810358e+07 1.3819833610907057e+06 4.0068689726726166e+06 2.3325839750709201e+21 asteroid
-2.0434357136241000e+20 -2.8871748949459501e+20 1.7731772186766999e+18 1.1510868802608915e+07 1.6533897805667033e+07 1.5141002488453865e+07 1.6992840651442000e+21 asteroid
-2.0434384947851500e+20 -2.8871924500783799e+20 1.7731747554084900e+18 9.6442518376746606e+06 1.6476338815774197e+07 1.3466543827663727e+07 4.1227366218326700e+21 asteroid
-2.0450081260148598e+20 -2.8913876180588000e+20 1.7675733176145400e+18 1.3185977301334262e+04 2.1591068821788103e+04 1.7789111177749899e+04 6.8362241638206394e+20 asteroid
-2.0500216701082000e+20 -2.8783842993585399e+20 1.7683435543177900e+18 3.0962193293708629e+03 4.0020790529552519e+03 2.6296209512287401e+03 2.9368000000000000e+20 asteroid
-2.0434435971614199e+20 -2.8871737732276401e+20 1.7731520633510400e+18 2.0326204345451143e+07 6.1146766118316501e+06 1.7371418164360892e+07 3.7863500475041002e+21 asteroid
-2.0493513023825501e+20 -2.8831796416441601e+20 1.7731332786054400e+18 1.7789281792107562e+04 5.0161132353833545e+03 1.0902405985454099e+04 7.5663928884667498e+21 asteroid
-2.0434390360843901e+20 -2.8871795968763501e+20 1.7731986015822195e+18 2.1505650104766853e+07 1.3920915401308704e+07 7.9002002643087674e+06 1.0192209982253800e+22 asteroid
-2.0464881056331301e+20 -2.8869857226926001e+20 1.7799256830015800e+18 8.2358571851152392e+03 1.5794081848571390e+04 1.0355109601831198e+03 3.2714227499123899e+21 asteroid
-2.0434416376113201e+20 -2.8871873007102601e+20 1.7731803973888599e+18 1.7029117474215854e+07 1.4368938985538313e+06 1.3559840738434616e+07 2.9368000000000000e+20 asteroid
9.4386744295827338e+14 6.1930355888286250e+14 -3.4848402533807895e+13 4.4278489105077218e+06 3.9471580139273144e+06 6.4292690653032409e+06 3.7196683514476600e+21 asteroid
-2.0434495639485199e+20 -2.8871843028921801e+20 1.7732315672089900e+18 2.2915846232861750e+07 2.2250469841097340e+07 3.4798965127683836e+06 2.8567367115636699e+21 asteroid
-2.0434434707083500e+20 -2.8871832413054501e+20 1.7731773443411592e+18 1.8919224642538182e+07 5.7643190110073518e+06 1.4065068239929842e+07 2.6844538673667202e+21 asteroid
-2.0434413129198712e+20 -2.8871840604289312e+20 1.7730913381467118e+18 1.5204881637141969e+07 1.0049105734098881e+07 1.3892964708877930e+07 4.1916882833189000e+21 asteroid
-2.0434396365385125e+20 -2.8871829174851659e+20 1.7732461986615009e+18 1.1504135933393706e+05 -2.4266310459084107e+05 -5.9696015660420759e+04 1.1090940902386301e+29 device
-2.0434396075129930e+20 -2.8871829898740341e+20 1.7732447764853660e+18 -1.4942515304342983e+05 4.0582158398386586e+05 7.0604292082503816e+04 6.7223987932304799e+28 device
