50 4 47
-1.2798037284031510e+07 -7.2262750903112497e+06 -1.5656611495885717e+07 6.7932847636279405e+01 3.8356372743026697e+01 8.3098224974089703e+01 8.3238852770821595e+36 black_hole
-2.0434396988223000e+20 -2.8871829455363500e+20 1.7732507010531899e+18 2.4729178693325500e+05 -1.7771582223286500e+05 -9.6937390150932697e+02 1.9820747896894399e+33 star
-3.3869175893201699e+19 -3.5353515677931497e+20 5.1430738624732045e+17 3.0983940709414589e+05 -2.9154154442846113e+04 5.5933764147137354e+03 3.1737370011508999e+31 star
1.3114335320578100e+20 -1.4898998045065799e+20 4.5578563087481299e+17 1.3128113657596300e+05 1.1077530746639799e+05 -3.1977106356837398e+03 4.7555039154386199e+32 star
-3.3869175202471608e+19 -3.5353515899315185e+20 5.1428144032146170e+17 -1.2873175139943198e+06 4.9421964274715222e+06 1.4949807524811637e+05 3.1742457425884299e+24 planet
-3.3869175513299558e+19 -3.5353515761389286e+20 5.1428230969926950e+17 -1.2384556021499007e+06 4.7201093838617122e+06 9.0256218003902577e+03 7.6217517152264994e+22 satellite
-3.3869175533229289e+19 -3.5353515762681289e+20 5.1428231070430278e+17 -1.2340128061075422e+06 4.7189921376283104e+06 9.0146809271550082e+03 1.7916338820553500e+23 satellite
-3.3869175545491145e+19 -3.5353515765130533e+20 5.1428232103539642e+17 -1.2319089877879124e+06 4.7278767731811125e+06 7.0618165681345781e+03 9.7500984496136504e+22 satellite
-3.3869175559822397e+19 -3.5353515762795407e+20 5.1428231626703514e+17 -1.2284501960814763e+06 4.7233593816293338e+06 7.9357052297820064e+03 1.1491400986951300e+23 satellite
9.0063924665906550e+14 -2.2227874726018697e+14 2.9293072341049302e+12 1.9428573411849540e+07 1.0560131756751994e+07 4.8493324334590640e+06 1.1700781971350500e+21 asteroid
-3.3868815095850099e+19 -3.5353448691044503e+20 5.1431295565710797e+17 2.0434632060995004e+06 1.5739305208512811e+07 5.3386896456754813e+06 6.1205032663190696e+21 asteroid
-9.9021535196556800e+17 -4.4941381795128998e+17 -4.4140454334375900e+15 1.2670493615722677e+04 1.0411883258364856e+04 1.0912280187194669e+04 1.9509978818492501e+21 asteroid
-3.3869143711282299e+19 -3.5353447769920897e+20 5.1427684972943200e+17 1.7838670783164620e+07 2.1797108993355494e+07 2.0914949936515525e+07 7.3416220463239298e+21 asteroid
-3.3868812322276798e+19 -3.5353432813685499e+20 5.1428801189723200e+17 3.4798965009867735e+06 2.4734062788602363e+07 1.1150599513176441e+07 2.0267872168311199e+21 asteroid
-3.4397711853676298e+19 -3.5334065586568102e+20 5.2268827808944397e+17 2.0529433297038100e+04 5.7567437410814700e+03 2.2488027938440500e+04 5.3267515385718296e+21 asteroid
-2.0434308014693001e+20 -2.8871808651421601e+20 1.7732460990653901e+18 1.2741469605331665e+07 2.0858466050619613e+07 8.2358740089746527e+06 2.7018916476561098e+21 asteroid
-3.3869522078667002e+19 -3.5353467139767402e+20 5.1427515654879098e+17 2.3493136552100826e+07 6.3739556529045422e+06 3.0962412313305950e+06 7.3418660546622196e+21 asteroid
-3.3723904609968398e+19 -3.5264416965158699e+20 5.0738401736728000e+17 8.5903344062192100e+03 2.4134568439691302e+03 5.6012595961316697e+02 1.9920385694593301e+21 asteroid
1.3114309339550201e+20 -1.4899036035231200e+20 4.5577695132383302e+17 1.9397012842279289e+07 1.3819914845930524e+06 4.0068689938666946e+06 8.9679619374859199e+21 asteroid
-3.4405361468678001e+19 -3.5367343338245299e+20 5.2402222999092499e+17 2.1263264593062599e+04 7.7901296956781798e+03 2.4939964783186901e+04 8.5823149364019903e+21 asteroid
-3.3869306038765400e+19 -3.5353465334410497e+20 5.1428584946817498e+17 1.8846574799808975e+07 1.0637307122178354e+05 1.9979451116110340e+06 4.0272321550506399e+21 asteroid
-3.3870075906565702e+19 -3.5353524569701502e+20 5.1427803380339501e+17 7.1485774615272870e+06 1.7390942605278816e+07 1.7029119617327996e+07 3.1288343944034501e+21 asteroid
-3.3869853877953901e+19 -3.5353443878250198e+20 5.1428067897063802e+17 7.9002005367974248e+06 1.3213718500273004e+07 1.4702988346557198e+07 4.7347811581081703e+21 asteroid
-7.5286172672902962e+14 -3.3979175907097055e+13 6.1970156126737637e+12 1.4825138334890485e+07 1.2414702711690675e+07 1.1041653116613068e+07 2.0100937352509501e+21 asteroid
1.3201360005681100e+20 -1.4896406311273500e+20 4.5878025858605498e+17 1.0188443581289042e+04 1.1994571383651501e+04 1.3354966158266699e+04 7.5421776419102896e+21 asteroid
1.4936303931533156e+14 -1.2333837919206123e+14 3.1011370564891685e+12 2.0127685512390323e+07 1.8499866209774114e+07 2.2182509978662856e+07 8.2320976646590903e+21 asteroid
-3.3835486280409199e+19 -3.5306030353416402e+20 5.0474221247682400e+17 1.6774775198823401e+04 1.6572569553090727e+03 2.3027937253738601e+04 2.9368000000000000e+20 asteroid
-5.5771919704253794e+14 3.0443406070827819e+14 -3.3243137786725132e+12 5.8274280794947427e+06 4.1569753127231114e+06 3.9942225622232789e+06 5.2036361193526699e+21 asteroid
1.3114411153291800e+20 -1.4899004833576000e+20 4.5578293062613101e+17 2.4977916931545258e+07 1.5762215964638026e+07 1.4901040947226360e+04 8.3077966911858396e+20 asteroid
-3.3868784348553900e+19 -3.5353482099927797e+20 5.1426984940207699e+17 5.6752124248008886e+06 1.7495868567417890e+07 1.9064273984947532e+07 2.9368000000000000e+20 asteroid
-9.4378791898516075e+14 -2.1273352173549738e+13 3.8916703511754360e+12 1.3398345291451510e+07 3.0625901954454770e+06 4.7070941908897655e+06 9.3223158245014503e+20 asteroid
-3.3870089459778499e+19 -3.5353585107799900e+20 5.1427025138121299e+17 2.3228746501320586e+07 5.1140928592636939e+06 1.7492282244319923e+07 8.3811265229662695e+21 asteroid
-3.3869659394857898e+19 -3.5353537245102401e+20 5.1427866611609402e+17 6.9823441234463211e+06 9.2435659011562373e+06 1.6794612001851279e+07 8.2304456632743200e+21 asteroid
-3.3869710780900098e+19 -3.5353521793687100e+20 5.1431414569143802e+17 8.5610153271724191e+05 7.9099398876012140e+05 1.4789715243692372e+07 2.7986382623195299e+21 asteroid
-3.3868845586837000e+19 -3.5353573965444900e+20 5.1428001406966899e+17 4.3993770821545105e+06 1.0797721215579173e+07 1.7185370029994462e+07 2.9368000000000000e+20 asteroid
-3.3353572430612398e+19 -3.5387296724783602e+20 5.1577761748623002e+17 5.0620492534973901e+03 2.4358696689167598e+04 1.2296018619652499e+04 7.4042669269165298e+21 asteroid
-3.3869689361146401e+19 -3.5353563173271103e+20 5.1427267898375802e+17 5.8216936582772564e+06 1.2283589803257037e+07 6.6529972878912603e+06 4.3921654052217002e+21 asteroid
-3.3869932959356801e+19 -3.5353609920829299e+20 5.1430491740780403e+17 2.3350763463646863e+07 8.9914616859628651e+06 1.2498895785157172e+07 6.3227462092614198e+21 asteroid
-3.3868518543242498e+19 -3.5353560948728103e+20 5.1427996617564800e+17 6.6653513972114548e+06 6.1683474480362162e+06 1.7350599302794974e+07 1.7702003706043999e+21 asteroid
-3.3887210749328200e+19 -3.5258350648330197e+20 5.0974827114095603e+17 1.7463954083255299e+04 2.4358135515581198e+03 1.5268441671158800e+04 1.0641195712953000e+22 asteroid
-3.3868965200618902e+19 -3.5353505224528003e+20 5.1430069634985901e+17 2.4356309311592158e+07 6.2882087631515460e+06 2.0326204981231909e+07 5.3063257880329296e+21 asteroid
-3.3868298291087299e+19 -3.5353523658459100e+20 5.1428392002009702e+17 1.5141002486393427e+07 3.7598684733117404e+06 8.5954553739531152e+06 3.2709710620106199e+21 asteroid
-3.3869267054844301e+19 -3.5353567692316298e+20 5.1430333463990099e+17 7.2441793522780053e+06 5.4096732250777828e+06 1.3185989127366448e+07 2.9368000000000000e+20 asteroid
5.2468777079025203e+17 -8.4535136850128499e+17 8.5100580954293400e+15 1.0761153681795491e+04 2.0781393663671442e+04 1.5040941095649339e+04 1.7649087038568501e+21 asteroid
-2.0434340416645100e+20 -2.8871842357140901e+20 1.7732505796381000e+18 1.6712721981822315e+06 9.7432997230449244e+06 9.6442514267675318e+06 4.4028019795725999e+21 asteroid
-3.3869380688796799e+19 -3.5353580346265803e+20 5.1427247740231200e+17 6.4292349537214302e+06 2.5409568417423712e+06 1.5867945121762611e+07 8.0954631591510304e+20 asteroid
-3.3865302932812702e+19 -3.5447112319584803e+20 5.1472471569392902e+17 8.7648767967197705e+02 2.6795129460698049e+03 1.3795735657757899e+04 2.5142874610015399e+21 asteroid
-3.3869319366601900e+19 -3.5353519410136652e+20 5.1423377486988307e+17 2.2008575168225903e+07 1.0615524242848340e+07 7.8518934456792809e+06 4.0970582775523002e+21 asteroid
-3.3869173277603291e+19 -3.5353512986002162e+20 5.1429866976110490e+17 -1.5984873716579163e+06 2.3462497269376300e+05 -2.6348249553790623e+06 7.1920052872495001e+29 device
-3.3869192418462552e+19 -3.5353512706182775e+20 5.1426712269354784e+17 1.4947897905568657e+06 -2.1774690771687173e+05 2.4632945744742858e+06 7.6959074047836297e+29 device
