512 43 509
-4.7900298314652190e+07 -2.7045780014093291e+07 -5.8595126304490425e+07 6.7932847636279405e+01 3.8356372743026697e+01 8.3098224974089703e+01 8.3238852770821595e+36 black_hole
-1.5069378623763200e+19 1.5860640037533899e+20 -9.2844618627384704e+17 -1.3776182847268000e+05 -1.2835008636933249e+04 1.5668313409655900e+03 1.0878975264182899e+33 star
-6.6781256911995503e+19 -9.6499693671755694e+19 -1.6816732958067999e+18 8.0332919799346506e+04 -5.8439734048115497e+04 5.1169872731543126e+02 8.5299597339899806e+32 star
-1.2866680306060299e+20 -1.3950764132691000e+20 -1.3382216334560000e+17 1.2169847252151600e+05 -1.1054811036900801e+05 2.0932531554927300e+03 1.2760911807419700e+32 star
-1.9422652670326698e+19 7.5000318358324296e+18 -8.3179576627475504e+16 -6.4211911867886110e+03 -1.6661050912774779e+04 5.1305158084317657e+02 4.8917395307293597e+32 star
3.6886035909308999e+20 1.1952570688412700e+20 5.3085525167045101e+17 -1.0364435632544900e+05 3.3343299476090499e+05 2.8421881435367300e+03 9.6332075105543196e+30 star
-3.3869176053313798e+19 -3.5353515676407700e+20 5.1430738336387699e+17 3.0983932355544501e+05 -2.9153704315063100e+04 5.5930527668775803e+03 3.1737370011508999e+31 star
-5.4348731593645400e+19 -1.6642988706141100e+20 2.2120722716348500e+18 1.4807486313913000e+05 -4.9278938089492098e+04 -3.7178530824315499e+03 1.9666102276805701e+33 star
3.8018918299627802e+20 -1.0882901629231800e+20 2.8920312372049700e+18 9.0104655200134497e+04 3.4398929924834002e+05 6.8120262578364100e+02 1.4834323123570999e+33 star
-1.4935395431731300e+19 4.0876007849205701e+20 1.1845143131987100e+18 -3.3962604936577938e+05 -1.2039620290647044e+04 5.2572935957281243e+03 8.9186084184559704e+32 star
-9.7807559071957795e+19 6.4101288850129002e+19 2.9555323853017600e+17 -5.2664214814399304e+04 -8.3774916667407058e+04 -1.5293097114386537e+03 1.0278737167993600e+33 star
-3.6524045997750898e+20 1.4677067814542200e+20 4.3544378419929902e+18 -1.2665608510355699e+05 -3.1359934370028402e+05 -2.6780689128095501e+03 1.3376413649581000e+33 star
1.6211128762389001e+20 1.2337787758201900e+20 -1.6154581908654899e+18 -1.0607292030748600e+05 1.3558612099317301e+05 -2.8317965976236701e+03 1.6265317997854100e+33 star
-7.1476402046061904e+19 1.3299020646993201e+20 -3.0642771351018400e+17 -1.1565279982654301e+05 -6.4437840632967302e+04 1.3909973121928300e+02 3.1843391196884499e+32 star
-1.2254793903287901e+20 -7.5305196818423497e+19 2.5199766682669402e+17 6.3198437511801603e+04 -1.0653697895145600e+05 6.5088523886416795e+02 6.0011952395011399e+30 star
1.2731703853900600e+20 -1.1103532891802799e+20 -1.6174834807122202e+17 9.8871267444027297e+04 1.1276413558425401e+05 -3.8142258574046201e+02 5.0025268807280603e+32 star
1.4811092723181201e+20 -1.6913929724830600e+20 3.5585383074703603e+17 1.4741654839864001e+05 1.2533269193924199e+05 -3.5493884446369457e+03 4.9028617382966202e+32 star
-8.3513429711749399e+19 -1.9303351775883602e+20 2.9275358772503101e+18 1.6916374306038700e+05 -7.2578916310411601e+04 1.3490335422708199e+03 1.2112058923659101e+33 star
1.3536879841782301e+20 -8.6219181127006601e+19 -2.0989822683003101e+17 7.5528597492125700e+04 1.1381352230151700e+05 -1.2944338423625900e+03 9.8926283974905498e+32 star
7.5568500277413417e+18 -1.5697980339596299e+20 1.2024305805853801e+18 1.3459555679940226e+05 6.6660474196774385e+03 7.3912919318082822e+02 1.4273912227008000e+33 star
-2.4350784031528501e+20 -2.3506200305323101e+20 7.8870986304623104e+17 2.0257620573975699e+05 -2.0827917196124399e+05 9.3219317465194717e+02 5.7188619966548602e+32 star
1.7024419767193800e+20 1.8384472909648501e+20 3.2447684073845202e+18 -1.5692085127582200e+05 1.5035263063949000e+05 1.1680006327343144e+03 1.1523467700962300e+33 star
-2.0434397001006599e+20 -2.8871829446191999e+20 1.7732507015536499e+18 2.4729178693325500e+05 -1.7771582223286500e+05 -9.6937389925218838e+02 1.9820747896894399e+33 star
3.2651759914630303e+20 -8.4844934117701904e+16 -1.2429070346148500e+18 1.3033778324820437e+02 2.7288352231334400e+05 -2.9836128563330385e+03 1.8280501450216699e+33 star
-1.4377405789361200e+20 1.0161317666405900e+20 1.7319456522257001e+18 -8.8991240814723904e+04 -1.2546518064571200e+05 -2.2149449785050401e+03 1.9746495062468001e+33 star
6.2347122447298396e+19 9.7192067688215904e+19 1.7218149414545400e+16 -8.0340505582692203e+04 5.2922871392881498e+04 1.9278804272107800e+03 1.0746088764836500e+33 star
1.1158896333414900e+20 2.3322742775588000e+19 4.3724534894734100e+18 -2.0002710038179695e+04 1.0051983622867800e+05 2.3893284172903810e+02 1.9522311849566901e+33 star
2.2020167590506899e+20 -2.6521482946402301e+20 -1.2936444753260800e+18 2.2236737235148801e+05 1.9793558632085400e+05 -1.3727164314176300e+03 9.5956675112641102e+32 star
-2.6802199605011599e+18 -2.0453197584318100e+20 -2.7247672588280202e+18 1.8501471823450900e+05 -2.1733879065941856e+03 -7.3300548697169802e+02 1.3370139857478999e+32 star
-1.1616655016580401e+20 1.0717723728446300e+20 -5.5935879112509402e+17 -9.1314791067995204e+04 -1.0359281862224200e+05 6.2543256425097195e+02 3.8793655728154199e+32 star
2.0070100059951101e+20 2.5426149429934100e+19 5.5676225729128397e+17 -2.2341999786367101e+04 1.7534548976156200e+05 1.3229520667512299e+03 1.1648430687797300e+33 star
-1.7066792092042799e+20 1.4068776966210499e+20 2.6481832871330800e+17 -1.2337711201833200e+05 -1.4690996352683799e+05 -1.2114310965585100e+03 7.1931693618541097e+32 star
1.3114335313791300e+20 -1.4898998050794399e+20 4.5578563252721498e+17 1.3128113657596300e+05 1.1077530746639799e+05 -3.1977106356837398e+03 4.7555039154386199e+32 star
-9.5049729318458704e+19 -1.1444636403951600e+20 4.4885111386704397e+17 1.0131336741582036e+05 -8.4044482780928302e+04 2.3555012617366395e+02 4.5401698913472700e+32 star
-2.3064771439636002e+20 -4.0258481133290496e+19 1.1580858339597499e+18 3.5744795818206403e+04 -1.9290675416101099e+05 -2.0858659009707600e+02 1.8909941749595500e+32 star
-4.9597161300538802e+19 2.7859327548611301e+20 -3.0932325856558397e+18 -2.4089876258338799e+05 -4.2648034310940100e+04 -3.0905201117789198e+02 1.3401974606783001e+33 star
-9.7807561772287099e+19 6.4101281591148757e+19 2.9549816564804774e+17 3.8436032684036214e+06 1.0169684477258217e+07 -3.8275202090316698e+03 6.0000000000000002e+23 planet
-9.7807558468620173e+19 6.4101280180889027e+19 2.9561516220370106e+17 -8.2129110336430266e+05 1.2213528190169986e+07 -1.1648215720974667e+03 1.1524048966997400e+25 planet
-9.5049723153111400e+19 -1.1444636638200699e+20 4.4880474209977914e+17 -8.5634398899845388e+06 3.1045577287929337e+06 -1.6738760275679168e+04 5.7109605068084901e+24 planet
3.2651759083505497e+20 -8.4842905305846176e+16 -1.2429682613583585e+18 1.1852630491252525e+07 -2.5999955098971324e+06 5.5068413008827665e+03 6.0000000000000002e+23 planet
1.4811093907959900e+20 -1.6913929231799599e+20 3.5594511918387040e+17 -1.6628689812466959e+07 -6.9160639105036007e+06 -2.7936077450773832e+03 6.0000000000000002e+23 planet
1.7024418879278055e+20 1.8384472511991199e+20 3.2446996246789407e+18 1.2338461275668832e+07 5.7683529894859167e+06 -1.2681260844028422e+04 6.0327628042102704e+24 planet
-9.5049720378900578e+19 -1.1444634078739984e+20 4.4902830697319360e+17 -1.2517178131262682e+07 -3.3033573366304662e+07 6.7314736978059509e+03 1.4227202558245799e+25 planet
7.5568559384479130e+18 -1.5697980309605673e+20 1.2024454991115548e+18 1.9724083331118675e+06 2.9500296995692683e+05 7.4534334067552045e+04 7.3844654902975402e+24 planet
-1.4935395820052646e+19 4.0876007819325211e+20 1.1845165080625992e+18 1.2040761767560100e+05 2.2595547897848487e+05 9.1627662803312400e+04 2.0408298583119401e+24 planet
3.2651758948096200e+20 -8.4852156104574752e+16 -1.2429931954434342e+18 1.3803952797531458e+07 1.0453600297056474e+07 2.7013561820433215e+03 1.1480123582050801e+24 planet
-9.7807561832196801e+19 6.4101278884974600e+19 2.9548004508454803e+17 3.7952901294832500e+06 1.3952029021769993e+07 -1.7209862298406060e+04 1.3359605873718100e+25 planet
-2.4350783386704501e+20 -2.3506199509273402e+20 7.8878319969750694e+17 -8.8983688813453224e+06 -1.1610968598304516e+07 -7.5841802375016969e+03 8.0380663496682599e+24 planet
1.4811093165715001e+20 -1.6913930378894400e+20 3.5579814584702304e+17 -6.0898251037189402e+06 9.2984061389430203e+06 -1.8599030556698286e+04 3.0256498127075400e+24 planet
-9.5049731069995237e+19 -1.1444636425892110e+20 4.4883866424594995e+17 2.5767137681102455e+06 -3.4873617151044098e+04 -2.9193009663368275e+03 3.3061508922509100e+24 planet
-2.0434397611895702e+20 -2.8871828933089300e+20 1.7731937734061860e+18 9.0085836254355591e+06 -7.3609874572216505e+06 9.6297291561240741e+02 1.2844961355397800e+25 planet
7.5568478675860644e+18 -1.5697980371773250e+20 1.2024459475409073e+18 3.1765110375902895e+06 3.8966843622528651e+05 7.9311892432276954e+03 1.2576857648405800e+22 satellite
-9.7807561773000475e+19 6.4101281591245128e+19 2.9549816559453427e+17 3.8441839594260994e+06 1.0169008983937286e+07 -3.7291222365284134e+03 1.8322903106283599e+23 satellite
-9.7807558465597997e+19 6.4101280180827234e+19 2.9561516226958477e+17 -8.2461626930442732e+05 1.2214347900243554e+07 -1.2375602828478629e+03 1.0159564146968901e+23 satellite
-9.5049723154569003e+19 -1.1444636638083501e+20 4.4880474219413248e+17 -8.5616236566589400e+06 3.1034759732539952e+06 -1.6819777417723046e+04 2.5507594970555000e+22 satellite
-2.4350783386761475e+20 -2.3506199509523939e+20 7.8878319999932787e+17 -8.8974576736754179e+06 -1.1608305620366052e+07 -7.8940299777948430e+03 8.7522898621812798e+21 satellite
-9.5049731071503139e+19 -1.1444636425806973e+20 4.4883866301981075e+17 2.5786018048825907e+06 -3.6027412136154555e+04 -1.3816330238048622e+03 7.3420000000000005e+21 satellite
1.4811093907789369e+20 -1.6913929231644649e+20 3.5594511881733914e+17 -1.6628288318554249e+07 -6.9169296992918802e+06 -2.6752511059770973e+03 1.1050281880119300e+23 satellite
-9.5049723151193227e+19 -1.1444636638514766e+20 4.4880474230962502e+17 -8.5646029816017225e+06 3.1068737847467829e+06 -1.6904372403114052e+04 4.2547359675017498e+22 satellite
-9.7807558471170163e+19 6.4101280180104143e+19 2.9561516202881466e+17 -8.1838936262958276e+05 1.2215263533221737e+07 -9.7461328934860717e+02 1.9316731024816299e+23 satellite
7.5568478750648259e+18 -1.5697980368446285e+20 1.2024459436660372e+18 3.1762892995772562e+06 3.8141588305253186e+05 8.4601915301733388e+03 7.9262844724109606e+22 satellite
-2.0434397611986557e+20 -2.8871828933435146e+20 1.7731937733107581e+18 9.0097111736914720e+06 -7.3562935663728230e+06 1.0839941916085470e+03 1.2897952944634200e+23 satellite
-9.7807561771829690e+19 6.4101281592174191e+19 2.9549816555341626e+17 3.8432031103707245e+06 1.0167956256012211e+07 -3.7019201836182083e+03 1.5555383168853600e+23 satellite
-2.0434397611613608e+20 -2.8871828932986067e+20 1.7731937735496678e+18 9.0054470162990224e+06 -7.3621035851770565e+06 7.9996308629484543e+02 5.2860670785095603e+22 satellite
-9.5049720372927889e+19 -1.1444634078840968e+20 4.4902830694702912e+17 -1.2525259001727900e+07 -3.3032448098697927e+07 6.7656495480373978e+03 7.3420000000000005e+21 satellite
3.2651758948297474e+20 -8.4852155891501328e+16 -1.2429931954725747e+18 1.3802395531679403e+07 1.0453318212155560e+07 2.7320682138515826e+03 1.3445406246596800e+23 satellite
3.2651758948169181e+20 -8.4852156455482032e+16 -1.2429931954420764e+18 1.3803423815185033e+07 1.0454392307964437e+07 2.6845137317159670e+03 1.3235173007813700e+23 satellite
1.4811093165878385e+20 -1.6913930378991878e+20 3.5579814593057933e+17 -6.0916076824203758e+06 9.2993722655923646e+06 -1.8685410995141017e+04 9.4251427881111301e+22 satellite
-9.7807558466843378e+19 6.4101280180375519e+19 2.9561516231575424e+17 -8.2322603848368279e+05 1.2214819153854366e+07 -1.2003932262364369e+03 7.3420000000000005e+21 satellite
-9.7807561831222837e+19 6.4101278888063156e+19 2.9548004506070368e+17 3.7938884560555965e+06 1.3948204902233781e+07 -1.7338737645246212e+04 1.0287738667866501e+22 satellite
-9.5049723154168660e+19 -1.1444636638050078e+20 4.4880474235965082e+17 -8.5622811900454704e+06 3.1028628855863712e+06 -1.6968087818326767e+04 1.3627871204427801e+22 satellite
-9.7807561832578056e+19 6.4101278881479418e+19 2.9548004497361664e+17 3.7955632335125511e+06 1.3955859856921190e+07 -1.7089490599621844e+04 4.1572870157882198e+22 satellite
-9.7807558466171404e+19 6.4101280181897175e+19 2.9561516222343674e+17 -8.2370885017515987e+05 1.2212951966336628e+07 -1.2211559080215491e+03 4.2243297416601200e+22 satellite
-9.7807558469776884e+19 6.4101280176232563e+19 2.9561516223987507e+17 -8.1984927008712001e+05 1.2219826780036092e+07 -1.2116582391335360e+03 1.3000580861079900e+23 satellite
1.4811093165675400e+20 -1.6913930378740780e+20 3.5579814560586867e+17 -6.0896140235842541e+06 9.2967079766801819e+06 -1.8332743100171268e+04 6.4666350031191000e+22 satellite
3.2651759083420896e+20 -8.4842905460311104e+16 -1.2429682613455793e+18 1.1853476130432546e+07 -2.5997190602426408e+06 5.4859558391138999e+03 1.6747474354710599e+23 satellite
-9.5049720377908412e+19 -1.1444634079050588e+20 4.4902830703197856e+17 -1.2518116622070214e+07 -3.3030111084786188e+07 6.6636880419100116e+03 7.5070734288723598e+21 satellite
1.7024418879024389e+20 1.8384472511889975e+20 3.2446996245784115e+18 1.2341448695058160e+07 5.7694801589014670e+06 -1.2564781763432207e+04 1.4186941055507100e+23 satellite
7.5568478684876677e+18 -1.5697980370428117e+20 1.2024459469441165e+18 3.1759901271059755e+06 3.8158438039484405e+05 8.3546120064689658e+03 2.3120062647260500e+22 satellite
-9.7807558475280187e+19 6.4101280182156231e+19 2.9561516054646643e+17 -8.1217234826656594e+05 1.2212794716343811e+07 1.1378892727214243e+03 1.2196298586126600e+23 satellite
-9.5049731072137708e+19 -1.1444636425896380e+20 4.4883866422866234e+17 2.5783189240163057e+06 -3.5108642583630164e+04 -2.9056368422386267e+03 3.0568272501654201e+22 satellite
-9.7807561772625019e+19 6.4101281591430545e+19 2.9549816536169754e+17 3.8444497718899483e+06 1.0169177300255239e+07 -3.2058441859652885e+03 9.5013737473413594e+22 satellite
-9.7807558470247023e+19 6.4101280178987180e+19 2.9561516212391533e+17 -8.1930114375433547e+05 1.2215718816371465e+07 -1.0593411282645670e+03 2.1870971916916102e+23 satellite
3.2651758948059146e+20 -8.4852157376019952e+16 -1.2429931955767224e+18 1.3804587355868885e+07 1.0455111568685008e+07 2.8570292978191542e+03 7.7177748765018899e+22 satellite
-9.5049720356804985e+19 -1.1444634080831786e+20 4.4902830429092570e+17 -1.2542823651909500e+07 -3.3009453739541497e+07 9.8462238246236993e+03 1.2882975929434099e+22 satellite
3.2651758948218221e+20 -8.4852156716205584e+16 -1.2429931954820262e+18 1.3803124000640973e+07 1.0454133281176977e+07 2.7334238752532465e+03 7.3420000000000005e+21 satellite
-9.5049723154899550e+19 -1.1444636638084460e+20 4.4880474207897766e+17 -8.5615967315305304e+06 3.1030600386905074e+06 -1.6714886156123015e+04 5.8289189484296197e+22 satellite
-2.4350783387012982e+20 -2.3506199509405352e+20 7.8878319968852045e+17 -8.8969858399675321e+06 -1.1608966350142581e+07 -7.5719106498096398e+03 1.6194920092884799e+23 satellite
-1.4935395820586514e+19 4.0876007819223997e+20 1.1845165075412580e+18 1.2097855518285593e+05 2.2689269521037745e+05 9.2455816775112704e+04 2.2847545371502900e+23 satellite
-2.4350783386490162e+20 -2.3506199509267110e+20 7.8878319970639027e+17 -8.9003352435216308e+06 -1.1610588737086874e+07 -7.5925690361647930e+03 1.3845178540883200e+23 satellite
-9.7807561831549944e+19 6.4101278887680139e+19 2.9548004505827379e+17 3.7947840981748141e+06 1.3948735283763509e+07 -1.7171161086803302e+04 5.1741427807739099e+22 satellite
-9.7807561831235994e+19 6.4101278887908631e+19 2.9548004505438298e+17 3.7942461088347267e+06 1.3948938173209958e+07 -1.7165151295704109e+04 1.7832850127058801e+23 satellite
-9.5049720380494610e+19 -1.1444634078473486e+20 4.4902830861759680e+17 -1.2515101793598965e+07 -3.3037059767462056e+07 4.6913962166055153e+03 1.0761559431494501e+23 satellite
-2.4350783387028439e+20 -2.3506199509361639e+20 7.8878319958865421e+17 -8.8940671252576206e+06 -1.1609943552095259e+07 -7.4465822940101498e+03 1.6854437635304999e+23 satellite
-2.0434397612255550e+20 -2.8871828932855985e+20 1.7731937734767488e+18 9.0106213723132852e+06 -7.3628134068089919e+06 8.9770628687928888e+02 1.4663462254775099e+22 satellite
7.5568478727062374e+18 -1.5697980369867063e+20 1.2024459468883300e+18 3.1751959114219844e+06 3.8290746888074634e+05 8.0825415435125351e+03 1.4485124459818500e+23 satellite
1.4811093908166649e+20 -1.6913929231740400e+20 3.5594511912268781e+17 -1.6629445852811098e+07 -6.9168733135523945e+06 -2.7667100508593944e+03 2.6103315382719499e+22 satellite
7.5568478711066747e+18 -1.5697980371231343e+20 1.2024459480069793e+18 3.1732759394212821e+06 3.8810398862405255e+05 7.8369184260123702e+03 4.1334774803940002e+22 satellite
-9.5049723154615632e+19 -1.1444636638060896e+20 4.4880474206703514e+17 -8.5617630505437534e+06 3.1032269472264717e+06 -1.6711301667616390e+04 1.8017188483700602e+23 satellite
1.4811093165486067e+20 -1.6913930379048491e+20 3.5579814586932710e+17 -6.0887925113845505e+06 9.2993658740462977e+06 -1.8614225635153383e+04 1.0757516304806500e+23 satellite
-9.5049731070149673e+19 -1.1444636426133420e+20 4.4883866419640307e+17 2.5764197623914471e+06 -3.2854115681375311e+04 -2.8674052379355157e+03 9.2540158920308094e+22 satellite
1.6149804239273001e+20 1.2244190135437600e+20 -1.6054787989359601e+18 1.3494943179850248e+04 1.0505384406478397e+04 1.9339609392283901e+03 3.2506194893729201e+21 asteroid
-3.6449143925047597e+20 1.4588379753785200e+20 4.3555262342431002e+18 1.4425014062118851e+04 1.3217188064470598e+04 1.4226249288642901e+04 6.2912540214342200e+21 asteroid
-5.3379102106617700e+19 -1.6543079275643601e+20 2.2215072827716101e+18 1.9237848602153204e+04 2.3908933696799704e+04 2.3527629363585202e+04 4.1741927497084300e+21 asteroid
-9.7807046648492294e+19 6.4100697004217696e+19 2.9559248710533299e+17 5.9642828082626965e+06 1.2374420972070498e+07 1.9549976421222977e+07 2.9368000000000000e+20 asteroid
-9.7808243550085202e+19 6.4101060432161898e+19 2.9561253939132698e+17 6.8922900926345801e+06 1.6238146528990690e+07 1.0652443852675289e+07 2.9368000000000000e+20 asteroid
-9.7807240321177092e+19 6.4101076487655530e+19 2.9547570943967200e+17 2.2786640703408368e+07 8.3560432486433964e+06 1.5052156410982052e+07 2.3518558727272299e+21 asteroid
-1.4934906712567400e+19 4.0876030402025102e+20 1.1845009839897500e+18 2.4093451574769415e+07 1.3795303369358402e+07 8.4972238386193421e+06 3.5141092564995099e+21 asteroid
-1.9423237597982102e+19 7.5001245876142899e+18 -8.3193365141778752e+16 2.0244334161601584e+07 1.6603070361414258e+06 1.9997531910632331e+07 2.9368000000000000e+20 asteroid
-1.4377309426609599e+20 1.0161264700858801e+20 1.7319241101355000e+18 9.2503663471678123e+06 4.6353042498106211e+06 1.6620911692286013e+07 7.3002355340120005e+21 asteroid
-9.5048770700332302e+19 -1.1444661749919400e+20 4.4883148814574598e+17 3.3187351055583614e+06 1.9637350203053534e+07 1.9502861625790462e+07 2.9368000000000000e+20 asteroid
1.7024340409202000e+20 1.8384379905996698e+20 3.2447536853978701e+18 2.1179954719789170e+07 7.2698580347876921e+06 1.1967052210247857e+07 1.9876726405465000e+21 asteroid
-9.5049190505529098e+19 -1.1444621081876200e+20 4.4879856447097901e+17 2.5103181549591436e+06 6.9841480169013841e+06 1.0366375048476897e+07 1.7119363526878201e+21 asteroid
7.5566031244640205e+18 -1.5698047060937798e+20 1.2024367767623199e+18 9.5618435813262146e+06 1.8722004998655654e+07 5.7045964506164426e+05 4.0922249513794299e+21 asteroid
3.2651694486604402e+20 -8.4234909900584496e+16 -1.2430115261588500e+18 5.0806010873927586e+06 8.5961442283965405e+06 1.8749058275165036e+07 8.3002203947943005e+21 asteroid
3.8018841470729001e+20 -1.0882860703651499e+20 2.8920316898494700e+18 1.4691193636974839e+07 2.4883347923891354e+07 1.6158271159867174e+06 8.0713952585836095e+20 asteroid
8.1772039933291397e+18 -1.5627127794560401e+20 1.1955321777257001e+18 1.2776056548573702e+04 3.3219923430497829e+03 1.6625896126952601e+04 6.9321478763647997e+21 asteroid
1.3194244011402101e+20 -1.4965366118148601e+20 4.4963032800140198e+17 1.8287063404863704e+04 1.1979150573632549e+04 1.7828151173535800e+04 2.9368000000000000e+20 asteroid
7.5562567700395203e+18 -1.5697936878315300e+20 1.2024226366237599e+18 1.8385921617777959e+07 1.1296036632286044e+07 2.1801149361251023e+07 2.9368000000000000e+20 asteroid
7.5559943807415398e+18 -1.5697982791053400e+20 1.2024471598335501e+18 1.7707695986777090e+07 1.2813279500986742e+07 9.0498559457051102e+06 3.4921220753167399e+21 asteroid
-9.5050282356904608e+19 -1.1444560668047399e+20 4.4883166631284800e+17 1.8978872077840887e+07 6.4823575119445957e+06 1.5028307518835736e+07 7.6782611913404803e+20 asteroid
-9.7808015992280170e+19 6.4100983712633700e+19 2.9546398531622470e+17 1.2181910966579974e+07 8.1488462468889058e+06 9.2196111781693809e+06 6.3191643091422895e+21 asteroid
-9.7807664645040603e+19 6.4100723689052103e+19 2.9549832223137901e+17 4.5978215369350286e+06 1.9805669004092630e+07 1.5718719030190529e+06 2.8676737772697399e+21 asteroid
-9.7808126042053100e+19 6.4101934066264596e+19 2.9561098216662701e+17 1.6397537035260933e+07 7.8101882913459102e+06 4.2478537130844267e+06 1.4386562612315601e+21 asteroid
1.7024412708864000e+20 1.8384527109652700e+20 3.2446786418596101e+18 7.3017374950635312e+06 2.2501101834645636e+07 2.2331216889026087e+07 4.5840794005622101e+21 asteroid
-9.5050713672053899e+19 -1.1444547249631801e+20 4.4881159445428000e+17 2.4776311601457298e+07 1.6284814693447951e+07 1.5508057065660302e+06 1.1886494037175501e+21 asteroid
1.2731678602556600e+20 -1.1103604004500200e+20 -1.6177069442575600e+17 8.2178325571548808e+06 2.2268053004893154e+07 1.8974406873537011e+07 2.9368000000000000e+20 asteroid
-1.5069530572644635e+19 1.5860631578329000e+20 -9.2845351517464602e+17 1.8946633236447308e+07 1.0564992201305171e+07 1.4154975150191205e+07 1.9349461993050601e+21 asteroid
-9.7807021747371295e+19 6.4101049292026896e+19 2.9559278580807802e+17 4.1200236306451578e+06 8.6411771116762236e+06 2.1046626625130296e+07 1.7985989246770099e+21 asteroid
9.9701749845062188e+14 -9.6656254607825450e+14 -1.3971655178961488e+13 3.8637649206552035e+06 2.3477684937475290e+07 7.2877412372499406e+06 2.5935791667181099e+21 asteroid
3.2651781122742603e+20 -8.4623297563863216e+16 -1.2430022496230628e+18 1.8908265692966875e+07 4.0033942528896122e+06 1.2576497012062550e+07 4.7544207130066000e+21 asteroid
-7.1475782871975600e+19 1.3299011502232501e+20 -3.0643408519436198e+17 2.2940437286897428e+07 2.2694658976101574e+07 2.2365541320683777e+07 6.7865386764294601e+21 asteroid
-9.7808444409539707e+19 6.4100692619357897e+19 2.9549741259841203e+17 4.0705454112913422e+06 1.2630098353791919e+07 6.7563438726586625e+06 2.9368000000000000e+20 asteroid
-9.4543618650668401e+19 -1.1391024753493300e+20 4.4318694140667501e+17 3.7046983187759733e+03 7.4811850931685158e+03 2.2302567344570100e+04 5.0615560040276904e+21 asteroid
7.2257950890703503e+18 -1.5717031213610100e+20 1.2080066276815900e+18 2.1393294287192475e+04 7.3880818497208193e+03 1.2766580119275000e+04 4.0165142580282099e+21 asteroid
-1.4934657317163399e+19 4.0875957508109697e+20 1.1845214296954199e+18 1.9056541825223844e+07 7.8765584626025725e+06 1.5559227808729857e+06 1.5624147719031101e+21 asteroid
-2.0434355635341499e+20 -2.8871875639300699e+20 1.7731716414446999e+18 2.3564849021077707e+07 2.2694147160927232e+07 2.2640427629782394e+07 2.9368000000000000e+20 asteroid
1.7024371931330501e+20 1.8384553357318901e+20 3.2446748751542999e+18 7.4895597505383631e+06 1.7793500774982408e+07 2.1638292899687350e+07 4.9569800418311704e+21 asteroid
-9.7807817098250207e+19 6.4101995694646002e+19 2.9546759876764499e+17 2.0249652134339467e+07 1.1971537702710703e+07 1.6338824082134912e+07 5.5132676648756597e+21 asteroid
7.5577847516679199e+18 -1.5697987903147901e+20 1.2024247993466501e+18 3.9016525656880171e+04 1.4231468552261695e+07 1.7466063565829389e+07 2.9368000000000000e+20 asteroid
-9.7807160727597793e+19 6.4100503079707099e+19 2.9548916357749702e+17 2.2129953151696067e+07 2.3626107132646400e+07 1.0409834564869497e+07 2.9368000000000000e+20 asteroid
1.4810998779466901e+20 -1.6913995285428299e+20 3.5579326406519002e+17 1.3592905957050262e+07 4.9319505607180865e+04 7.9152331668534956e+05 4.1694555637625300e+21 asteroid
6.2347863578306200e+19 9.7192214297552093e+19 1.7223489524032012e+16 1.2906190368651845e+07 6.7504251282602623e+06 5.7007096950942408e+06 4.2454436683803599e+21 asteroid
7.5568515957641605e+18 -1.5697903138928201e+20 1.2024410722385400e+18 1.3329513858310545e+07 2.3769862205194395e+07 4.2977014759292947e+06 2.9368000000000000e+20 asteroid
7.5563908131766692e+18 -1.5697972447600499e+20 1.2024360653051200e+18 1.9996286428291697e+07 1.5990984873877862e+07 5.9249062935566399e+06 4.3079075265609702e+21 asteroid
7.5563621738852598e+18 -1.5697907465433301e+20 1.2024520127106801e+18 1.2662429298185334e+07 1.5482681125293575e+07 6.5789185562819114e+05 2.0852520649271599e+21 asteroid
-9.5332717147794293e+19 -1.1455407022062600e+20 4.5850656403995002e+17 2.1175717321957385e+04 2.1642704431553193e+04 2.4176271910446700e+04 9.7259488272409900e+21 asteroid
-9.7806723399350206e+19 6.4101410253458096e+19 2.9547351361391398e+17 4.8387454328453271e+06 1.2911697889928601e+06 1.2078500312273232e+07 3.4812233433298600e+20 asteroid
7.5562463780983296e+18 -1.5697937868387100e+20 1.2024407717891999e+18 6.5904904853122206e+06 7.7495740874297628e+06 1.5191479759856895e+07 6.0365550508660102e+21 asteroid
1.6202921772335999e+20 1.2371439767754300e+20 -1.6069802750967800e+18 6.3589321233924256e+03 1.0275552663538090e+04 1.7794909217303200e+04 2.9368000000000000e+20 asteroid
2.2020113469375899e+20 -2.6521474696778901e+20 -1.2936614107641800e+18 4.9687789253905118e+06 2.3243492056743152e+07 1.2368519184322549e+07 2.9368000000000000e+20 asteroid
3.2651717963641599e+20 -8.5110122724345456e+16 -1.2429962406514985e+18 1.9728871664938249e+07 2.0063825460088085e+07 7.6521099374011103e+06 4.2235992499000401e+21 asteroid
-8.3513453942463594e+19 -1.9303295700394702e+20 2.9275282729325000e+18 1.0722768609020544e+07 1.1248078299879266e+07 3.0020540774025163e+06 1.5746707776755301e+21 asteroid
1.4811020969672199e+20 -1.6914015424560601e+20 3.5579734388014003e+17 5.5648974294014676e+06 1.7426538027030077e+07 8.2654718760163654e+06 2.3146935878497599e+21 asteroid
-6.4176323664407104e+17 9.4725669883169306e+17 -3.4918740750667700e+15 1.4968054561791498e+04 1.9534404525672711e+04 1.9987354786086740e+04 2.9368000000000000e+20 asteroid
-9.5050145126160892e+19 -1.1444687790207800e+20 4.4878469880510003e+17 3.1509619379071216e+06 5.4077234409855409e+06 2.2312370349231996e+07 3.1532478000535699e+21 asteroid
-9.5050550010862698e+19 -1.1444539744513199e+20 4.4902699827072602e+17 3.2117974150707559e+06 1.1164543958459135e+07 3.3746787271663775e+06 1.8860324213474499e+21 asteroid
3.2626150518337602e+20 2.2809586928606800e+17 -1.2421192325949599e+18 2.3911953866510277e+04 2.3025523615443530e+04 1.2974027132579700e+04 4.9249848439402104e+21 asteroid
-9.4285224746188407e+19 -1.1372144001750399e+20 4.5589162036208301e+17 7.2097637701244703e+03 1.6844863832550800e+04 3.3209504062627502e+03 4.7382342307040398e+21 asteroid
1.7024422342106199e+20 1.8384484393302701e+20 3.2447570500776300e+18 2.1818407425068241e+07 7.6984696183032608e+06 5.1541873440100057e+06 6.3131044171893399e+21 asteroid
-2.4350697742927099e+20 -2.3506136041102501e+20 7.8869389815880806e+17 1.4290253877250681e+07 1.2975927386120377e+07 1.1093870322874533e+07 3.4563155668630697e+21 asteroid
-9.5048900297704292e+19 -1.1444701604425900e+20 4.4901918212752902e+17 1.8970954795736603e+07 2.3432315911757044e+07 1.3076806780361384e+06 4.9781887692988503e+21 asteroid
1.7024474284767301e+20 1.8384469916814302e+20 3.2446938210364401e+18 1.8268661585206058e+07 1.3661338618820339e+07 7.9734715198016586e+06 7.7159631379627497e+21 asteroid
-9.5049742295506797e+19 -1.1444547525246701e+20 4.4879186652452499e+17 2.3116783249068249e+07 1.1948058856980946e+07 1.3232665121360350e+07 1.8078919411149101e+21 asteroid
-3.5272140624439798e+18 -2.0375451199201300e+20 -2.7154020497153398e+18 7.1508529452684998e+03 1.7978427161156400e+04 1.3665061544513101e+04 1.6284617625942900e+21 asteroid
-3.6519944759135299e+20 1.4617725231265001e+20 4.3565779955378299e+18 9.8948081319129324e+02 1.5356461566081189e+04 6.0920793601469104e+03 2.9368000000000000e+20 asteroid
-1.2254734923360900e+20 -7.5305187129826607e+19 2.5198926650635002e+17 2.5993368894099984e+06 3.0981348608049545e+06 5.7060272388645196e+06 2.0414994574259700e+21 asteroid
-9.5050222974704108e+19 -1.1444568429816799e+20 4.4877939676196602e+17 2.0907407339789711e+07 1.3883517702928828e+07 2.2487048905389510e+07 4.3256855208895400e+21 asteroid
-9.7807158127812903e+19 6.4101305980493996e+19 2.9548025671758502e+17 1.2116209441942586e+07 2.3939527349147286e+07 6.4041598036854994e+06 2.2133273034336701e+21 asteroid
1.4789191193923899e+20 -1.6973271312306101e+20 3.4604422638902598e+17 1.1172835817974248e+04 3.4404302767746635e+03 1.3329322338000200e+03 3.3559597512585500e+21 asteroid
-9.7807830544058401e+19 6.4100450530283700e+19 2.9550548896386899e+17 2.2019996207142570e+06 7.4589327468092227e+06 1.7940103198085679e+06 2.9368000000000000e+20 asteroid
-9.5049607668049297e+19 -1.1444718018256100e+20 4.4900574583175501e+17 1.9019644023823798e+07 6.6761347553627491e+06 1.9439045521502975e+07 3.7662171876713898e+21 asteroid
-2.4350759041122101e+20 -2.3506238906959498e+20 7.8877311083515405e+17 8.0523144067556574e+05 2.0338140436418854e+07 2.9374243185643957e+05 3.6569913932504100e+21 asteroid
7.5573004415734702e+18 -1.5697891411605799e+20 1.2024415203230999e+18 2.4862380057519045e+07 2.3321526300579894e+07 3.1766426760870176e+06 5.8815724081837003e+21 asteroid
-2.4295435018645701e+20 -2.3506493797351499e+20 7.9078709683519002e+17 1.8703789619236806e+04 2.4068241632538120e+03 7.2093746582570502e+03 4.9603030793293398e+21 asteroid
-2.3064805465601599e+20 -4.0258659308680897e+19 1.1580843447698501e+18 3.6413905566033651e+06 7.5986627610533871e+06 9.8265344118474778e+06 9.0061637937436201e+21 asteroid
-2.4350728847789100e+20 -2.3506262231636099e+20 7.8868929224238106e+17 1.8272650684134476e+07 1.2197293449444924e+07 1.9119189712282706e+07 6.8497077977649596e+21 asteroid
1.4811155742451699e+20 -1.6913967450314201e+20 3.5593909219652902e+17 1.6141394697892997e+07 9.2405489569019545e+06 3.8301418717954755e+06 2.7949229643098200e+21 asteroid
3.6885966276831399e+20 1.1952594991583099e+20 5.3084173316717600e+17 2.4795420234319907e+07 2.4017263966344528e+07 1.2910552775793971e+07 6.2301637275016495e+21 asteroid
8.4177034889511803e+18 -1.5599987535696200e+20 1.1942269888380401e+18 6.6428862012815871e+03 1.0609562529267152e+04 1.6127580612512500e+04 1.6139948181510501e+21 asteroid
-9.7808478803625705e+19 6.4101907098936001e+19 2.9561472077123802e+17 1.2131830547776436e+07 9.2469184073259979e+06 6.6972366195761682e+06 3.1274367909837700e+21 asteroid
1.3114330236693099e+20 -1.4898961839223901e+20 4.5576734177854202e+17 1.4187079394516971e+07 1.7945983780948956e+07 1.9614242981672015e+07 2.9368000000000000e+20 asteroid
3.2651748918394100e+20 -8.5595696097430736e+16 -1.2429974666162701e+18 5.2235433510997025e+06 2.1541489059594195e+07 1.0239881293289640e+05 4.0917443032661298e+21 asteroid
1.7024354271721901e+20 1.8384545682626501e+20 3.2446761900689500e+18 2.1188104972832840e+07 1.8445049862416547e+07 2.1428579059602033e+07 4.2083313937823102e+21 asteroid
-8.3513468519896498e+19 -1.9303331107320001e+20 2.9275317259622902e+18 8.0684829548292803e+06 3.9538814693661407e+06 1.5002105428793401e+07 2.1414010402288501e+21 asteroid
3.2651763605705097e+20 -8.5644470608877040e+16 -1.2429919781341921e+18 2.8424419836313231e+06 2.1253958323533714e+07 1.7231552913170098e+05 4.4706076462274802e+21 asteroid
-9.7806693836041601e+19 6.4100520598132400e+19 2.9547207906735302e+17 7.4586856455704030e+06 1.2596017789849998e+07 2.1288482541534402e+04 1.6731028314721600e+21 asteroid
-9.5050357658527908e+19 -1.1444568725045800e+20 4.4902684783442803e+17 1.9472482977587592e+07 1.4937449056797797e+07 1.5626389622755363e+06 3.9439508184140002e+20 asteroid
1.6972805361125900e+20 1.8345697807377302e+20 3.2472464561050199e+18 6.6924584888986533e+02 1.3949968443919646e+04 8.4909090302425302e+03 3.7392457676230801e+21 asteroid
-9.4315341161189507e+19 -1.1454972181995800e+20 4.5185897124971802e+17 1.8156318670974502e+04 1.1107504577206249e+04 2.2723967386073200e+04 1.1328214944142500e+21 asteroid
-3.6524040784736800e+20 1.4677056009150000e+20 4.3544392658562278e+18 1.5617955160329297e+07 2.3448564925721530e+07 8.0197796093273833e+06 2.9368000000000000e+20 asteroid
-9.5050692422504907e+19 -1.1444666529184100e+20 4.4879806783663219e+17 2.4367984161005549e+07 1.6404090836125812e+07 9.4895411736989638e+05 5.3916050142943301e+21 asteroid
-9.5049545147057193e+19 -1.1444644609567100e+20 4.4879589782689798e+17 1.9335122890354559e+07 1.1179745889029698e+07 1.4177530269001612e+07 5.0658447313047000e+21 asteroid
-2.3064745366587199e+20 -4.0257604778335404e+19 1.1580897525654500e+18 5.5985852192192571e+06 1.1537745402332287e+07 4.6855196272074711e+06 2.9368000000000000e+20 asteroid
-2.3064861960884001e+20 -4.0258914993282097e+19 1.1580757544206400e+18 2.4674688607688256e+07 1.5069403433746917e+07 5.9918857338515753e+06 2.3147014896567100e+21 asteroid
3.2733770973544101e+20 4.8495123993622202e+17 -1.2477499185139000e+18 1.8135264112815305e+04 1.8804618326782904e+04 1.6597887679196800e+04 5.4439035306576697e+21 asteroid
1.4909095884955999e+20 -1.6956761962268400e+20 3.6324581696567398e+17 3.8313381233429614e+03 1.6577457346233899e+04 1.5365059649597701e+04 6.3403561639661997e+21 asteroid
-3.3395798088623400e+14 -7.6544864745349350e+14 -2.8884526582416294e+12 8.4802199978581518e+06 2.1467521186378252e+07 5.2547053163966425e+06 5.4332425260106305e+21 asteroid
3.2651754631955002e+20 -8.4390944972911792e+16 -1.2429794831597100e+18 2.5220757559456271e+06 5.7481349198302552e+06 2.1478452467029039e+06 3.3295589318785101e+21 asteroid
-9.7808463622282101e+19 6.4102006547695698e+19 2.9559828813327898e+17 2.0443522463740028e+07 1.8748771651345342e+07 2.1829289355044995e+07 2.7505270741359201e+21 asteroid
-9.5049459722060202e+19 -1.1444595408896200e+20 4.4884161713495898e+17 6.5294578409339031e+06 6.0918822870249394e+05 2.3971214370823711e+07 1.9736242685178201e+21 asteroid
-9.5050647453261398e+19 -1.1444580818790700e+20 4.4903559006110003e+17 9.3373972282233031e+05 1.2767619615929762e+07 1.4637158117965362e+06 2.3503458680215600e+21 asteroid
-1.2866589781671400e+20 -1.3950847642372401e+20 -1.3382645718458800e+17 5.0650148035633154e+06 1.9926046014704064e+07 1.5171763529097851e+07 2.9368000000000000e+20 asteroid
1.6211222886682401e+20 1.2337702923320600e+20 -1.6154677013269499e+18 2.1732778575209964e+07 1.0348315680277340e+07 3.4000626621681009e+06 1.6429173693454499e+21 asteroid
-9.7807770428283601e+19 6.4100816897370399e+19 2.9560879862817203e+17 2.1756076901986413e+07 1.2057627710761953e+07 1.8548387426973232e+06 6.1227352214230598e+20 asteroid
-1.2254849045763100e+20 -7.5304455932340306e+19 2.5198700810502499e+17 3.7252695505588660e+06 1.2148407575676912e+07 2.3679442825830854e+07 2.9368000000000000e+20 asteroid
-1.1616616589693000e+20 1.0717759649089000e+20 -5.5937366391729798e+17 9.7150763680660129e+06 2.3479523254835837e+07 1.5618905706717055e+07 2.9368000000000000e+20 asteroid
6.8194175216460196e+18 -1.5776059663345700e+20 1.1943220499930900e+18 9.5247844709002366e+03 1.6080961172810346e+04 1.1889302111926099e+04 2.7796881580921098e+21 asteroid
-9.5048836985320407e+19 -1.1444605647387101e+20 4.4900706689864998e+17 1.6004969497315060e+07 1.1102460636800485e+07 2.2422937792614747e+07 5.6706508539101299e+21 asteroid
1.6211107989613101e+20 1.2337876919751999e+20 -1.6154728188497900e+18 8.7326333278537374e+06 2.4888160421455629e+07 1.5099372234063473e+07 5.4053695786563100e+21 asteroid
3.8059496136085897e+20 -1.0794029065616001e+20 2.8825946828256799e+18 1.0626503958024303e+04 1.5900218069632231e+03 5.3339827964848100e+03 2.2575452321053501e+21 asteroid
-9.8741951710770594e+19 6.3821780005058798e+19 2.9286485156315501e+17 2.1044115176621595e+04 2.3530195134460999e+04 3.0504307607609699e+03 6.1825746917761797e+21 asteroid
7.5559842829082900e+18 -1.5697892374534400e+20 1.2024392661582500e+18 1.2435476339179177e+07 1.7719696979812685e+07 2.2673684053896829e+07 2.9368000000000000e+20 asteroid
-3.6523993052171102e+20 1.4677133669672100e+20 4.3544326975654400e+18 1.2566781284118582e+07 9.9753488724704813e+06 8.4637363375704940e+06 2.8353774913579002e+21 asteroid
3.8018978136117399e+20 -1.0882852970673599e+20 2.8920214455859502e+18 2.4207897666405424e+07 1.0505052658170585e+07 1.0515876982480953e+06 9.3117427178758398e+21 asteroid
2.0070052770348001e+20 2.5426360583357198e+19 5.5674849774349901e+17 1.5195687755685508e+07 7.6967238173493941e+05 1.9952835249410369e+07 6.1813749447100504e+20 asteroid
-2.0515120214580000e+20 -2.8905291189689002e+20 1.7828751170721999e+18 1.4232431587247644e+04 7.7117315227321014e+03 9.0619717860574692e+03 2.0400544882875299e+21 asteroid
1.7024447458152900e+20 1.8384454449477000e+20 3.2447548521880300e+18 8.9784453746521100e+06 1.4313432023105778e+07 1.7914160538532149e+07 4.9999542750020601e+21 asteroid
1.4811164237371598e+20 -1.6914011658311500e+20 3.5584592916166003e+17 2.3585475506413653e+07 1.9000418107670266e+06 1.1223888072257147e+06 5.0018034272885401e+20 asteroid
-4.9596717677265699e+19 2.7859353379725699e+20 -3.0932300903040599e+18 1.8346559930157743e+07 4.6664317075030264e+06 5.6297554281902062e+06 4.7542876943631505e+21 asteroid
-9.5049207225213895e+19 -1.1444654625965400e+20 4.4884008239928198e+17 1.6279473909867499e+07 6.1272654194417719e+03 7.3096362313883323e+06 2.9368000000000000e+20 asteroid
-3.6539907012256301e+20 1.4710061848006700e+20 4.3522941068328100e+18 1.8827793310702986e+04 4.3728626631251882e+03 1.8341301629033500e+04 5.2162356286035402e+21 asteroid
-9.7806686729869001e+19 6.4101829989494800e+19 2.9560257058329600e+17 2.0090465885243404e+06 2.3625631631547201e+07 1.7695655863399219e+07 5.1336152427392297e+21 asteroid
3.2651786814019902e+20 -8.4122120997776192e+16 -1.2430098723570099e+18 2.1531879923448011e+07 1.2965735003871856e+07 1.2143396537963469e+07 1.7428466183649700e+21 asteroid
-9.7806807301138399e+19 6.4101299110636798e+19 2.9546937404893062e+17 1.9265437451580506e+07 4.4073562768590003e+06 8.8166692448806930e+06 2.9368000000000000e+20 asteroid
-9.4355101245722296e+19 -1.1440926967041901e+20 4.4061716478896499e+17 1.2832363628881672e+03 1.3824202885932749e+04 1.7265414687949001e+03 4.6383307961200301e+21 asteroid
-2.0371019881780999e+20 -2.8892327731994401e+20 1.7820532580983700e+18 1.6977724168286913e+04 9.9601331455860163e+03 1.5097828095384601e+04 5.0003410771173997e+21 asteroid
-9.8099797472073597e+19 6.4815604960876503e+19 2.8833730288947501e+17 8.6551089970615449e+03 2.1146418124911605e+04 2.3204741081809101e+04 2.9368000000000000e+20 asteroid
-2.0434343944631799e+20 -2.8871838910130301e+20 1.7731928868663199e+18 1.4020622555612128e+07 7.6290752401994653e+06 1.1827501102536021e+07 2.9368000000000000e+20 asteroid
3.2651799646035103e+20 -8.5042883514921328e+16 -1.2429700986520801e+18 4.3713710972537277e+06 2.3097242044174116e+07 1.3972684142775642e+07 3.4028903877039599e+21 asteroid
6.5646278780375101e+18 -1.5607959841317202e+20 1.2078786740623301e+18 1.3643015641021848e+04 1.4011625771497900e+04 2.0971482026337399e+03 5.1384577353978101e+21 asteroid
-1.4936081735978899e+19 4.0876103706786903e+20 1.1844997149279401e+18 8.3898748897628076e+06 1.3014976745500196e+07 1.2874639411671437e+07 5.2156483910617604e+21 asteroid
-2.4350778745190200e+20 -2.3506247779747801e+20 7.8878358783991386e+17 1.1918031808839727e+07 1.3347384585078970e+07 8.4619450460552834e+06 2.9368000000000000e+20 asteroid
-9.7807662294796796e+19 6.4100987239249002e+19 2.9549614671571699e+17 2.1493299854604792e+07 1.6292754646093510e+07 1.2258973847862752e+07 2.9368000000000000e+20 asteroid
-6.8084948184565402e+17 -6.3606371535300595e+17 -2.4715580887431600e+15 1.1197583483388787e+04 1.0894094465930017e+04 1.3579465636507221e+04 2.1210120111572200e+21 asteroid
-2.3089235162804299e+20 -3.9844488168249098e+19 1.1565520458722501e+18 3.6146240211583709e+03 2.0353509203226902e+04 5.4692055761663296e+03 7.4522588431848400e+20 asteroid
1.2731669388041699e+20 -1.1103581639627701e+20 -1.6176726945949299e+17 1.8202271299536787e+07 1.0471599415994629e+07 2.4848295128378533e+07 2.6586375453045702e+21 asteroid
-1.9422210177076101e+19 7.4996314383156101e+18 -8.3191019661457360e+16 1.1518846459574392e+07 4.8048227109060418e+06 2.3863639367443353e+07 8.2765800398726195e+20 asteroid
-9.7807018090502095e+19 6.4101820022652600e+19 2.9561743039367002e+17 2.2805701126678765e+07 1.7422606489467472e+07 1.0471709040193031e+07 2.9229693395434602e+21 asteroid
-9.7808390998197699e+19 6.4101045452957802e+19 2.9550494094760832e+17 2.4681612117502570e+07 5.6324425291011687e+06 2.4411898367856597e+06 6.5536475406066595e+20 asteroid
7.5559779383087401e+18 -1.5698069128131799e+20 1.2024406319904901e+18 1.0503651008730425e+07 2.4133735105991442e+07 1.3499158488931997e+07 7.0856287707791098e+21 asteroid
-9.7807075642002293e+19 6.4101687737042600e+19 2.9560946514491200e+17 1.2801968721644802e+07 1.0889163767900912e+07 7.8168203234899510e+06 1.0453900464002200e+22 asteroid
-7.1477193684261896e+19 1.3298949576603800e+20 -3.0642413968348198e+17 1.7189732909820292e+07 5.6534140465260707e+06 4.0759992526909425e+06 1.1635679707800000e+21 asteroid
1.6211054266231099e+20 1.2337727076348300e+20 -1.6154677941960599e+18 1.4406672055569142e+07 2.3408701554671511e+07 1.0839825277375944e+07 4.4172620336315803e+21 asteroid
-9.5614714067007799e+19 -1.1389640598739000e+20 4.5622160883465402e+17 1.9821383603935097e+04 1.8998132378789800e+04 2.3313858720119399e+04 3.6253728130343402e+21 asteroid
1.4811117379956802e+20 -1.6913836259930200e+20 3.5578007200786202e+17 2.1197197635644019e+07 2.4027870920423482e+07 2.1456864608917780e+07 5.2782630264864097e+21 asteroid
-1.4935018263495299e+19 4.0875969054507899e+20 1.1845016142996201e+18 1.9354254048569294e+05 2.1733334480077110e+07 1.6906074760804392e+07 1.0100863629608201e+22 asteroid
7.5565742717119396e+18 -1.5698053653792201e+20 1.2024532688602199e+18 1.5635471173467521e+07 2.3165614426393557e+07 2.1755268890306698e+06 2.8922657668424202e+21 asteroid
-2.4350730046845701e+20 -2.3506291049336799e+20 7.8878479633609805e+17 1.4038985540173817e+07 1.8943814009201906e+06 6.6923878380542928e+06 3.3276712742806901e+21 asteroid
-9.5050561087514198e+19 -1.1444545749472500e+20 4.4883280197355002e+17 2.4154571796923652e+07 1.2598519592650808e+07 2.2365830197469227e+07 3.8496332955699501e+21 asteroid
7.5568880806480200e+18 -1.5697918289458001e+20 1.2024329503881800e+18 3.5486835806372394e+06 6.6480786808296083e+05 2.1791909581983645e+07 6.6684595307821096e+21 asteroid
3.2651794398719397e+20 -8.5043999846910560e+16 -1.2429980405441900e+18 1.8444563680579741e+06 3.8444369902330190e+06 1.9466888238584202e+07 2.1368202325428001e+21 asteroid
-9.7808144268763693e+19 6.4101567114595000e+19 2.9547770916029798e+17 2.1511262139053375e+07 1.9315735911398102e+07 1.6478075250102449e+07 2.9368000000000000e+20 asteroid
2.2020196204953901e+20 -2.6521494270761701e+20 -1.2936614165483963e+18 5.0066733519928744e+06 2.0805875172278546e+07 1.2458592525846163e+07 4.4361222592731100e+20 asteroid
-2.4350853414435199e+20 -2.3506288704005099e+20 7.8870966463191002e+17 8.7968769733154196e+06 8.9657632841536347e+06 3.6610994047978101e+06 1.9877665320648901e+21 asteroid
-9.5351839678769906e+19 -1.1488203691794901e+20 4.5721646242594400e+17 2.4342951892133897e+04 2.1064658321353196e+04 4.4572531560561201e+03 1.8398117223496900e+21 asteroid
-2.0434298171132900e+20 -2.8871846640646200e+20 1.7731879385043000e+18 1.6762529939159211e+07 1.5783142339061148e+07 7.5798191372026661e+06 2.9368000000000000e+20 asteroid
-1.9423074698745500e+19 7.4995032509048904e+18 -8.3195793692103792e+16 1.7561489623866843e+06 1.3686954234240990e+07 2.3371666060361043e+07 4.4020046970274301e+21 asteroid
-2.6794464793804498e+18 -2.0453148784990700e+20 -2.7247858758838400e+18 4.0849848229778777e+06 1.8654156253169470e+07 2.0268094509848762e+07 8.2222567163901798e+20 asteroid
-1.1616624340659300e+20 1.0717708496612300e+20 -5.5937032880765702e+17 1.9331053711690146e+07 1.4239321328010669e+06 1.4127079214761075e+07 2.5951138358625299e+21 asteroid
-9.4514789993772302e+19 -1.1470560480518000e+20 4.4624255753769702e+17 1.7186999569227028e+03 2.3078738830840797e+04 2.1846127104040101e+04 5.3275935316755895e+21 asteroid
-2.0434401393771699e+20 -2.8871905038848301e+20 1.7732479136646500e+18 1.2055690190053990e+07 8.3356102576951571e+06 1.2524810447821883e+06 7.9410031035615197e+21 asteroid
-1.1651353072655801e+20 1.0639739662193700e+20 -5.5033396540922899e+17 2.3067177236845797e+04 8.8923274222786185e+03 3.0458931389445402e+03 3.0159127772628900e+21 asteroid
-4.9597355443983303e+19 2.7859277494457899e+20 -3.0932470934827300e+18 2.3612730792898014e+07 1.4426300212377388e+07 2.0423031782774035e+07 8.7417744620965803e+20 asteroid
-2.0434435494364001e+20 -2.8863283738846600e+20 1.7692120952013100e+18 2.3239068239645935e+03 1.1828120692500988e+04 2.3772073790712460e+04 7.2221480559819295e+21 asteroid
-9.7567479225412895e+19 6.5045312889947496e+19 2.8629428122888602e+17 1.5435754671436049e+04 1.7868215296312104e+04 1.5023800319126800e+04 1.7331935985494000e+21 asteroid
6.2346235707721204e+19 9.7191707763787301e+19 1.7206565091098100e+16 1.4179212103682857e+07 7.9753356490860675e+06 7.5982049438725831e+06 2.9368000000000000e+20 asteroid
-9.7806934226485903e+19 6.4101805428442399e+19 2.9547085729270701e+17 1.1437712405093860e+07 2.3517911332854442e+07 1.0048076353901878e+07 3.2115111311305002e+21 asteroid
-9.5048920658278105e+19 -1.1444655431906501e+20 4.4901645830074701e+17 1.8335593642121635e+07 1.9790367528471321e+07 1.5531180471767720e+07 4.0436857323985500e+21 asteroid
-9.7203799864238998e+19 6.4591447760553198e+19 2.8965312623209997e+17 6.9587055029798930e+03 2.0074653973999106e+04 4.4540269317186303e+03 2.9368000000000000e+20 asteroid
-9.5294814148299997e+19 -1.1381485820131400e+20 4.5201160764440602e+17 1.9857959300444098e+04 2.1644289068721602e+04 1.8980878388289399e+04 2.8297151112885798e+21 asteroid
2.0044531456222799e+20 2.6339923293599400e+19 5.4923871593094298e+17 6.0283614943752946e+03 1.3873214949341254e+04 2.0926858896378999e+04 4.5970516945448600e+21 asteroid
-2.4350701075714900e+20 -2.3506233301373000e+20 7.8876207785360397e+17 3.5247511205333755e+06 2.3293382900739677e+07 2.4200408340131503e+07 9.7444456682064000e+20 asteroid
-8.3513174575697592e+19 -1.9303385686976299e+20 2.9275220321870802e+18 2.5239507471626354e+06 2.0102169860272143e+07 2.3028739349733792e+07 1.5712444352992699e+21 asteroid
-4.9597137540604600e+19 2.7859259831636499e+20 -3.0932299856074102e+18 9.0838617962895371e+06 1.9071217264442518e+07 1.1873179100032698e+06 9.1207358436294105e+20 asteroid
1.2817844096638000e+20 -1.1153381418796301e+20 -1.6910703399392198e+17 1.2650890278275851e+04 7.4025203415615688e+03 1.0408623801735500e+03 2.9368000000000000e+20 asteroid
-9.5049983194826703e+19 -1.1444697145179800e+20 4.4902720455175206e+17 2.4484921205326911e+07 1.2070163971964268e+07 1.3807584612965066e+07 2.2212867404729800e+21 asteroid
-9.4372664449545896e+19 -1.1393393853096500e+20 4.5122602464784698e+17 1.2548282350454552e+04 7.0536300251673701e+03 2.1919182045011901e+04 7.6254526108890300e+21 asteroid
-9.5048785208770806e+19 -1.1444656240730800e+20 4.4879043599780602e+17 1.1767367732436994e+07 1.1281236714983711e+07 1.5989529739770362e+07 3.0968515919922898e+21 asteroid
1.4777338484194401e+20 -1.6867339460738499e+20 3.5680901427635597e+17 8.5838900433991853e+02 1.0828677593145596e+03 1.7578319732526001e+04 2.9368000000000000e+20 asteroid
7.5576907922679562e+18 -1.5698070776139501e+20 1.2024309834928901e+18 5.0429188299156809e+06 2.0379964909063011e+07 2.2044231783519749e+07 2.4360619285522001e+21 asteroid
-1.4922580758020100e+19 4.0783226446901300e+20 1.1753992172353900e+18 9.7945583679095998e+03 1.3863327094919397e+04 2.2533426897602800e+04 5.6712111993169505e+21 asteroid
1.1080544418951601e+20 2.2539990427674898e+19 4.3723254443555302e+18 4.2880266826315183e+03 7.6768952457067071e+03 2.1092755670083599e+04 2.9368000000000000e+20 asteroid
-2.4350738353101000e+20 -2.3506191150094500e+20 7.8878654846174106e+17 4.8152335100097973e+06 2.1638884007233582e+07 5.6298294162789648e+06 3.3154863250109801e+21 asteroid
-1.2768659886524400e+20 -1.3934739914971700e+20 -1.3061367169711699e+17 5.6898810929389651e+02 9.8178366816690905e+03 1.1585046342365100e+04 2.2925989876157700e+21 asteroid
1.1158953652245299e+20 2.3322772531333800e+19 4.3724477656384701e+18 1.4889928181228710e+07 2.1942078049419302e+07 1.2582776268111376e+07 2.9368000000000000e+20 asteroid
-1.2866692750639201e+20 -1.3950706777033800e+20 -1.3383481089516800e+17 1.6610846789443107e+07 1.9457889464066699e+07 8.1765992730110837e+06 2.9368000000000000e+20 asteroid
-8.2713589153238303e+19 -1.9263837091007699e+20 2.9204378241345597e+18 9.3296678095824936e+03 1.2201761304846752e+04 1.3909577404997101e+04 2.9368000000000000e+20 asteroid
2.1962829305910300e+20 -2.6445863701087601e+20 -1.2933641574173399e+18 1.4167612744840049e+04 1.1312007258807103e+04 1.6722317356313899e+04 5.2222427014319602e+21 asteroid
-1.9422857581648200e+19 7.4996010176998195e+18 -8.3187629460202720e+16 2.0050575542562589e+07 6.7801959174961131e+06 1.8164767082172170e+07 2.9368000000000000e+20 asteroid
-9.4105015207619592e+19 -1.1518529700222901e+20 4.4790197124460499e+17 1.1723897847995901e+04 1.2854352345891548e+04 3.9057067716080901e+03 3.9519941650919299e+21 asteroid
7.5571432200632300e+18 -1.5697900300109401e+20 1.2024438926651000e+18 2.5671564252619678e+05 1.1452482318697572e+07 1.2813789984145287e+07 2.1831474220749200e+21 asteroid
7.5564427163922248e+18 -1.5697998084980199e+20 1.2024400283676500e+18 2.1112633218602464e+07 1.5554155256869242e+07 1.4330736135063311e+07 2.9287489402088902e+21 asteroid
-1.2939847641097599e+20 -1.4015891629638900e+20 -1.3585789537136301e+17 2.1763269832853799e+04 1.2287552980251548e+04 1.4441924121131600e+04 2.2394142615922800e+21 asteroid
-2.4350698939782801e+20 -2.3506157892337199e+20 7.8875722505304602e+17 9.5868575953181554e+05 9.1940056331610382e+06 2.4368299136170261e+07 3.6159925179593701e+21 asteroid
1.4811068136893301e+20 -1.6913859796804000e+20 3.5585431343693702e+17 9.6409044977517836e+06 1.3584965059870210e+07 1.3609814104778718e+06 2.4770301460646100e+21 asteroid
-5.4348589902103396e+19 -1.6642908570077885e+20 2.2120705468844500e+18 8.7445256451600138e+05 2.0907896033925533e+07 1.3661009584830560e+07 2.9368000000000000e+20 asteroid
-9.7806660917902295e+19 6.4101980494487396e+19 2.9546353354926797e+17 3.0653239528846936e+06 5.2125502428896129e+06 2.4862991120545473e+07 5.6968085792115298e+21 asteroid
-9.7806570144711705e+19 6.4102017375018303e+19 2.9560473397856800e+17 9.7026057080639724e+05 1.7686314291107427e+07 2.3967494309787862e+07 6.4361330502835099e+21 asteroid
-9.7808441447382106e+19 6.4101004583326900e+19 2.9548320403596902e+17 6.6161652736251438e+06 1.4102837238720546e+07 1.2018802392998595e+07 2.9368000000000000e+20 asteroid
-2.0434433021516300e+20 -2.8871814470203598e+20 1.7732442388356879e+18 2.1809522560002167e+07 2.2912360867176246e+07 2.1363326678471792e+07 2.9368000000000000e+20 asteroid
-1.1569573733161199e+20 1.0738812813353701e+20 -5.5672509277927699e+17 1.4891654713647902e+04 2.3347932313285302e+04 1.7640906674312500e+04 2.9368000000000000e+20 asteroid
-3.6524106299303402e+20 1.4677096576181800e+20 4.3544227681543301e+18 1.0728713164649684e+07 5.3404590102377245e+06 2.3836827898107354e+07 7.8661392559167400e+21 asteroid
-2.4350742169064299e+20 -2.3506259845434599e+20 7.8878190283454298e+17 1.1307364519841131e+07 1.7168438772241902e+07 6.8500942063126266e+06 2.8254583498931500e+21 asteroid
1.3114367409584400e+20 -1.4898925861734298e+20 4.5577834575104602e+17 2.3446619116048597e+07 1.2758931715683104e+07 2.0720078983225796e+07 2.9368000000000000e+20 asteroid
-9.7808133897957392e+19 6.4101992812316000e+19 2.9559612667236902e+17 2.3349265134813417e+07 9.1381234721060470e+06 2.1680821463077173e+07 5.0341811696752898e+21 asteroid
-9.4662334714676707e+19 -1.1508716525096300e+20 4.4045956897196800e+17 4.1009487346465157e+03 1.5634410865260297e+04 3.4042547605852928e+02 3.9601379996767900e+21 asteroid
-9.5440977397200994e+19 -1.1466471915355999e+20 4.4510971925440397e+17 2.0115710771928894e+04 8.3892641235366264e+03 2.3451510174323401e+04 2.0959052874452099e+21 asteroid
1.4811074329730902e+20 -1.6913910823833702e+20 3.5593849826300998e+17 1.5554814582987020e+06 3.5824682515722788e+06 1.9966094664692707e+07 2.9368000000000000e+20 asteroid
-1.9530148232095900e+19 6.9245322931053302e+18 -7.7057673599859104e+16 1.8649366616967945e+04 8.8389513858974260e+03 1.7598657934671799e+04 4.5620667336298799e+21 asteroid
7.5572734659009905e+18 -1.5697990741503898e+20 1.2024425942227400e+18 9.5253033302986505e+05 1.7764279886780076e+06 1.5264149164445139e+07 3.5666500101175100e+21 asteroid
-2.0434388152067801e+20 -2.8871746987149201e+20 1.7731871680030200e+18 5.8945185260359077e+06 2.4086842776072014e+07 1.1121968015692988e+07 2.9368000000000000e+20 asteroid
3.2651818471599197e+20 -8.4752348591297584e+16 -1.2429883872452800e+18 2.7970367274801596e+05 1.5406768247389777e+07 5.8778861488923533e+06 3.3469692622173802e+21 asteroid
-9.5049283121034494e+19 -1.1444731019531600e+20 4.4882190863840800e+17 2.3872155477163047e+06 2.2715233633620674e+06 2.2208705533469107e+07 1.3146057801037699e+21 asteroid
-1.1561065370355601e+20 1.0666954985619700e+20 -5.6154322821102899e+17 4.9274678158389161e+03 7.6609210440439131e+02 9.0923845390299502e+03 1.9642454222318899e+21 asteroid
-9.5065956932563403e+19 -1.1391398507572801e+20 4.5238210198151398e+17 9.6382645844695780e+03 1.2688305214127055e+04 2.4027358053904201e+04 2.6292166746862503e+21 asteroid
-1.2866665112355601e+20 -1.3950803749074500e+20 -1.3383616101690099e+17 5.6165890226027705e+06 6.4065008385427864e+06 6.0122487775178133e+06 3.0516044124876801e+21 asteroid
-9.7808371521110999e+19 6.4101141123219800e+19 2.9548995179335501e+17 3.7461901217969381e+06 1.0470180086279422e+06 2.3916684054867245e+07 7.2553301278822698e+21 asteroid
-1.4377429495037600e+20 1.0161309962480099e+20 1.7319352684285335e+18 2.0821639280386634e+07 1.3185421311551612e+07 2.4538140802519657e+07 5.4751406880535400e+21 asteroid
6.1954209474007597e+19 9.7200689990389907e+19 2.0659582199624100e+16 9.2311997768534584e+03 7.1161342967523969e+03 6.4544959989274203e+03 2.9368000000000000e+20 asteroid
-1.1616648223802299e+20 1.0717705531840501e+20 -5.5936065300380333e+17 2.1253565668310884e+07 7.9047301898390809e+06 8.4248927584907524e+06 7.9164873527883098e+21 asteroid
-9.4753698559085003e+19 -1.1454165991704501e+20 4.5007169402192902e+17 1.0385674997151762e+04 6.5848446157298940e+03 4.3808003704421402e+01 2.9368000000000000e+20 asteroid
-9.8617594489195201e+19 6.4529741790985798e+19 2.8935543912267802e+17 4.0348547331642510e+02 1.2075163764965302e+04 1.6867579161661000e+04 2.9368000000000000e+20 asteroid
-9.7808264905086599e+19 6.4102253811862004e+19 2.9547947062712301e+17 1.4499728133017384e+07 1.5495180773250531e+07 2.0100126304126121e+07 4.4032851953402202e+21 asteroid
-2.4350837507261999e+20 -2.3506283063103200e+20 7.8870444563168294e+17 2.1102036722981606e+07 9.4788709998739150e+05 1.0962539906843551e+07 4.1487979694923899e+21 asteroid
-2.0434328724944100e+20 -2.8871909650173900e+20 1.7732303104723899e+18 1.6436232747132236e+07 1.5989263920929622e+07 1.4966222484940186e+07 6.0476465739983497e+21 asteroid
-9.7140888066154103e+19 6.3440678468588798e+19 2.9056817417941901e+17 1.1968367273211952e+04 5.5656456508814915e+02 1.7129739298690201e+04 2.8888760557640299e+21 asteroid
-4.4424388980057062e+14 3.6747813536004138e+14 -2.3142045979136180e+13 1.7683091781642754e+07 1.0600305756231301e+07 2.3916959309606463e+07 5.8081785679579196e+21 asteroid
-9.7808328015754592e+19 6.4101296620438798e+19 2.9549683950213702e+17 2.1521647594007365e+07 2.4393569254162628e+07 3.7140441917208559e+06 3.4808814506614802e+21 asteroid
7.4507908378714204e+18 -1.5670194985853200e+20 1.1975262267251400e+18 2.1151960409037481e+04 7.6707763449394506e+03 6.6721074332802445e+03 6.6645041803054400e+21 asteroid
2.0089247060402700e+20 2.5171405218948698e+19 5.4991660257635098e+17 1.8730807333799421e+04 1.3028669482186871e+04 8.7285863885088584e+03 5.5053112825280505e+21 asteroid
-2.0434364918165199e+20 -2.8871823508183499e+20 1.7731918324347100e+18 2.2079947372791246e+07 2.2625261247746345e+07 8.5918376294020135e+06 6.5992006968891002e+20 asteroid
3.8029087483039102e+20 -1.0839950074959700e+20 2.8943876193135002e+18 7.0304539519403161e+03 6.6072943330287480e+03 1.1136860608155601e+04 4.4028601554547297e+21 asteroid
-9.5049982088213103e+19 -1.1444549762975700e+20 4.4879403392526797e+17 1.9439952995834403e+07 1.6556452796406854e+07 2.2714202833646771e+07 2.8128573855100300e+21 asteroid
1.6211035111078399e+20 1.2337780788798500e+20 -1.6154613872767900e+18 2.1850961152239372e+06 2.4459124459031489e+07 8.0292726809935085e+06 1.9168466313838600e+21 asteroid
-9.7080365272573493e+19 6.4998104586386997e+19 2.8782669009617600e+17 2.4411058233421601e+04 1.2295604128728016e+03 1.1464514065604200e+04 6.5829477484735003e+21 asteroid
3.2651712545458900e+20 -8.5819249846018560e+16 -1.2430057532549701e+18 9.7905281931653572e+03 1.9011618386334512e+07 1.3953068390454784e+07 1.3647599881154800e+21 asteroid
-9.4119046554651394e+19 -1.1419115311269100e+20 4.4336765055042099e+17 6.9851385641200959e+03 6.7150408459084247e+03 9.2663554606140406e+03 4.1799790113206200e+21 asteroid
-1.5069244461887900e+19 1.5860613039448100e+20 -9.2846573565474931e+17 2.3122150195381057e+07 2.3101561321895353e+07 1.6662262860817723e+07 2.9368000000000000e+20 asteroid
-2.4350710666825299e+20 -2.3506283641221100e+20 7.8877485546980800e+17 3.3244963979724445e+06 2.4980578629115750e+06 1.6192594425027998e+07 5.1296633805163502e+20 asteroid
-4.9596819258054402e+19 2.7859415094491401e+20 -3.0932491186403502e+18 7.2488275616144445e+06 2.2226893287913442e+07 2.1017722485655226e+07 2.1885248432962800e+21 asteroid
-7.1288846723007201e+19 1.3201514430306800e+20 -3.0754563848840102e+17 2.0897421780008000e+04 1.9183539767439899e+04 2.0252934800581399e+04 4.3897171235358502e+21 asteroid
-9.5049597288482898e+19 -1.1444551164089799e+20 4.4902504994934797e+17 2.2706271297994815e+07 1.1765367839170313e+07 1.2118402438807548e+06 2.9368000000000000e+20 asteroid
-7.1476532199205503e+19 1.3298956794453800e+20 -3.0642283452108301e+17 5.1327127442874424e+06 1.0508094089434298e+07 1.8046601927337858e+06 2.9368000000000000e+20 asteroid
-1.1616729209565200e+20 1.0717707709482800e+20 -5.5936635532923098e+17 1.4248210942118259e+07 4.6769895284333257e+06 3.8594749995468315e+06 8.7732122776693595e+21 asteroid
7.5569850228686500e+18 -1.5697951186456501e+20 1.2024456651337001e+18 6.2936478856555196e+06 4.4285379656843971e+06 9.7368573158666957e+06 2.9176462333138798e+21 asteroid
-9.7808261893460001e+19 6.4101585867798200e+19 2.9547070966801203e+17 1.8125648408873960e+07 6.6984773162037712e+06 1.1823470473057549e+07 3.3413104301116998e+21 asteroid
-3.6524123769788799e+20 1.4677116934966000e+20 4.3544384585492900e+18 7.0356272268812312e+06 1.9266078336406447e+07 1.2845180958794875e+07 7.7151057541450999e+21 asteroid
-2.3064833107560700e+20 -4.0259176706118599e+19 1.1580814278745101e+18 1.4872463254053822e+07 1.7249858766010925e+07 7.6473402847331073e+06 3.7062236998101201e+21 asteroid
2.0004942201723001e+20 2.4773136426871702e+19 5.5845683033856602e+17 3.4505353833913950e+03 1.8681422424901699e+04 2.4809830544184100e+04 6.2152143010214403e+21 asteroid
3.2651704078588202e+20 -8.5350820960388784e+16 -1.2429199549845499e+18 2.0294279649533022e+07 1.2605411879391819e+07 2.1491307311731495e+07 2.9368000000000000e+20 asteroid
-9.7807249284151099e+19 6.4100613934886199e+19 2.9546351209691398e+17 1.3188630493039224e+07 1.3195634421286410e+07 1.6294698325347882e+07 1.9559987024440800e+21 asteroid
1.1158976837056600e+20 2.3322755528814100e+19 4.3724378616382403e+18 2.3552666076241631e+07 1.2579445351924373e+07 1.2256814043768568e+07 7.2931118516395301e+21 asteroid
-2.0434322972781901e+20 -2.8871803830430299e+20 1.7731897359256200e+18 2.3581113310127009e+07 9.3455599151909240e+06 1.0282272702840785e+07 8.0607698067049803e+21 asteroid
-9.5050218751665701e+19 -1.1444594001065701e+20 4.4880290300114758e+17 2.2287904111423966e+07 1.7671834407846216e+07 1.8883034426586656e+06 2.4300384732194899e+21 asteroid
-9.7807182593925399e+19 6.4101333667324903e+19 2.9561241934267059e+17 7.9001600436565932e+06 5.3558347828128329e+06 1.7370216798182130e+07 2.8990937520056398e+21 asteroid
3.2651806408426901e+20 -8.5624226564685776e+16 -1.2430065407233400e+18 1.2362195971112389e+06 1.3704376188414330e+06 1.4080780005721901e+07 5.4946945937588103e+21 asteroid
1.4873997010128699e+20 -1.6872131160634501e+20 3.6340551871614701e+17 8.8692060545278837e+03 1.5135667552633551e+04 9.9604254612165296e+03 2.3331104231501699e+21 asteroid
-9.7806673564385001e+19 6.4100412616146600e+19 2.9559879777316499e+17 2.1735307969834521e+07 1.2286338936296520e+06 2.4376702690259397e+07 5.3512668317927405e+21 asteroid
7.5572326132286003e+18 -1.5697927495307100e+20 1.2024251137296901e+18 1.2828923316668997e+07 9.9869385383158363e+06 1.6378134606789479e+07 1.1951450459998601e+21 asteroid
-7.1475488943812100e+19 1.3298950574713700e+20 -3.0643132185012698e+17 1.4846778595365167e+07 1.4489237296647482e+07 1.3394464781533009e+06 1.8792890222370399e+21 asteroid
1.6211104604678999e+20 1.2337834580610000e+20 -1.6154587296780301e+18 4.7193952226265036e+06 1.5399432657434931e+07 1.2413195740242586e+07 4.2440846884892102e+21 asteroid
-2.0434320090575300e+20 -2.8871766780372101e+20 1.7731942064967401e+18 3.5735434856104422e+06 5.3892594863212351e+06 7.7657910762735847e+06 2.9368000000000000e+20 asteroid
3.2651732867102802e+20 -8.5147658883127040e+16 -1.2430112950039401e+18 3.4289734706428978e+06 1.5784734272392785e+07 1.6823866259410378e+07 2.9368000000000000e+20 asteroid
-9.4878575976673804e+19 -1.1414073398204200e+20 4.5675512824462701e+17 1.6715643736988906e+04 1.8983533601265042e+03 1.3473289754507799e+04 6.2279581426436895e+21 asteroid
7.5573857255487826e+18 -1.5698002898630001e+20 1.2024367152175401e+18 1.4430657876713674e+06 2.5201983750304431e+05 9.2404425802374557e+06 3.3257275201917000e+21 asteroid
1.4811019324552200e+20 -1.6913848068710600e+20 3.5577525088613498e+17 1.6805864663777571e+07 2.2825561910511333e+07 2.0450929672951896e+07 4.8466409893936202e+20 asteroid
-2.4350838832107599e+20 -2.3506189830530299e+20 7.8877564487802304e+17 1.5880624217987141e+07 5.6084222150219623e+06 1.2486036211426919e+07 3.6186953530819200e+21 asteroid
-9.7526669173221900e+19 6.3144140085389197e+19 3.0303240332933402e+17 1.8865290471464599e+04 2.2282641759071397e+04 2.3556247046548801e+03 2.9368000000000000e+20 asteroid
-1.4936001348224600e+19 4.0876002746412197e+20 1.1845128556169300e+18 2.0417899311571639e+07 2.4340327013442526e+06 4.9145456500868136e+06 2.1807529920404400e+21 asteroid
-9.7695985456507896e+19 6.4725828828164801e+19 2.9935173573380403e+17 1.5386459636260301e+04 1.6442487977014407e+04 1.0929597702694400e+04 2.1014265546905800e+21 asteroid
-9.4214798307513500e+19 -1.1535702566859701e+20 4.4269847423733299e+17 4.7824178874942199e+03 1.1023575113768449e+04 1.6717393074978600e+03 3.7268257492331900e+21 asteroid
-6.6781328415989498e+19 -9.6499469506712994e+19 -1.6816813188718316e+18 3.7908723750823024e+06 1.0776751111948600e+07 2.4773051669282939e+07 3.3757374180173399e+21 asteroid
1.6211119213927901e+20 1.2337780900005700e+20 -1.6154745641679022e+18 7.3308964711215894e+05 1.4807142628783523e+06 2.2668807683304999e+07 2.1338234551045500e+21 asteroid
-3.6523985647699703e+20 1.4677124543923700e+20 4.3544303335753498e+18 7.9731041541130124e+06 3.0005041086212578e+06 1.4872781000385955e+07 6.8096840388255500e+21 asteroid
-1.4377338033528599e+20 1.0161379637461800e+20 1.7319454988111401e+18 1.1583483684787931e+07 1.4660043216941612e+07 2.7992524823100357e+06 6.8108657482590102e+21 asteroid
-9.7807790159347696e+19 6.4101155888193200e+19 2.9562206118056768e+17 7.9561405376811652e+06 2.4584142166818887e+07 2.3517359384497679e+06 2.7045825114944501e+21 asteroid
-9.5049765333764407e+19 -1.1444730672880901e+20 4.4902683502562131e+17 1.0328942048324237e+07 6.6479108611266753e+06 1.0177024543481389e+07 3.7456443157591700e+21 asteroid
1.1158947987282800e+20 2.3323255787687801e+19 4.3724499312996500e+18 9.7880806868459713e+06 2.4755207040533151e+07 6.2110027911527529e+06 6.2848532326138197e+21 asteroid
-2.0434469672960000e+20 -2.8871929079497798e+20 1.7731875563159199e+18 1.5759054511517799e+07 1.0970309713873729e+07 1.4833353760527791e+07 2.7485776091269798e+21 asteroid
9.9821592063765359e+13 6.3542507689066500e+14 -1.1143291876663457e+13 1.9943188490009159e+07 1.2121302933624126e+07 1.1861075250943869e+07 8.7990224887790803e+21 asteroid
-1.1616559997413700e+20 1.0717773378416601e+20 -5.5935715180135398e+17 1.7944300845153891e+06 1.6983495988922007e+07 5.7791155952834236e+06 5.8995580220976598e+21 asteroid
-9.5930309132892504e+19 -1.1441777597226500e+20 4.4098176500852102e+17 1.3795340719629397e+04 4.7911951748934944e+03 1.6576197598747201e+03 2.9368000000000000e+20 asteroid
1.4811118154984299e+20 -1.6913963154056000e+20 3.5592879047188902e+17 9.6779297799893543e+06 1.0179319116637422e+07 2.1651171535905544e+07 4.2669554968909599e+21 asteroid
7.5572081464399903e+18 -1.5698072832283600e+20 1.2024252891235500e+18 8.7960752107438929e+06 2.2010995163396500e+07 2.2226204296093609e+07 7.9785047839206497e+21 asteroid
-9.5049699750845497e+19 -1.1444605621420700e+20 4.4901361011224026e+17 4.8612802291876543e+06 1.3990570819837268e+07 1.7544197866622817e+07 2.9368000000000000e+20 asteroid
-9.7807887386017792e+19 6.4101961885209797e+19 2.9547878592954490e+17 9.6239594591180012e+06 2.0886873557316030e+06 2.7655098074412113e+06 2.9368000000000000e+20 asteroid
1.7024331388868500e+20 1.8384528120271399e+20 3.2446840268380600e+18 2.0690586893689387e+07 2.1774533358825486e+07 9.1586493546571936e+06 4.4262324257938698e+21 asteroid
-9.6853261484404097e+19 6.4630286468715299e+19 2.9874358237130099e+17 3.7152089619499056e+03 2.8009244583390951e+03 9.3565175746802397e+03 2.9368000000000000e+20 asteroid
-9.5049669300191101e+19 -1.1444594054997000e+20 4.4903096154664301e+17 4.1699110250396943e+06 1.4765020494117597e+07 5.5679918030547826e+06 4.1339796820168000e+21 asteroid
-1.7066700144294701e+20 1.4068684287764899e+20 2.6481594793643101e+17 1.4901141134144824e+07 2.1298423360887278e+07 1.2298015406977462e+07 5.0196415505854502e+21 asteroid
-9.7807592244954006e+19 6.4101251096442200e+19 2.9549931641864819e+17 1.2410318781917367e+07 7.3212921163206901e+06 8.2307611485348258e+05 3.2640187933851700e+21 asteroid
-2.4402668135412498e+20 -2.3540303844590898e+20 7.8464414570117402e+17 2.1908760396378097e+04 2.2950545158136098e+04 6.0161552121139403e+03 1.1771019245631900e+21 asteroid
-9.7807491595357995e+19 6.4100850620044599e+19 2.9549586339354739e+17 1.5503748448039426e+07 1.0923266582276735e+07 1.5498446692809956e+06 1.8452851483032399e+21 asteroid
-1.4934908737613699e+19 4.0875919721284298e+20 1.1845201350275599e+18 2.4901481590217765e+07 1.4545694084615828e+07 6.1927045012276713e+05 8.6445968997579201e+20 asteroid
-7.1040713848411996e+19 1.3254784450008500e+20 -3.0194305827288499e+17 2.1104428916932000e+04 1.2867860112826049e+04 1.5891272005116400e+04 4.2223043970130798e+21 asteroid
-9.7806650898996199e+19 6.4100838982558802e+19 2.9546330489480102e+17 5.4882386685617371e+06 2.2246344507310644e+07 1.5444954707844056e+07 2.7837372135736801e+21 asteroid
-9.6849425111253598e+19 6.4755614050707497e+19 2.9121855362973299e+17 2.1614068121204000e+04 2.3068175052960203e+04 1.4776315894616100e+04 3.9793101921007200e+21 asteroid
2.2020139342203899e+20 -2.6521438603865899e+20 -1.2936505629912901e+18 2.1650959427812044e+07 1.0511103341872457e+07 1.6380888843440998e+07 2.9368000000000000e+20 asteroid
7.5572679013148099e+18 -1.5698079971793899e+20 1.2024373471231201e+18 2.2513827609795116e+07 1.5098538094016468e+07 4.7421168944388977e+05 2.9368000000000000e+20 asteroid
8.2803304981980897e+18 -1.5645411581038599e+20 1.1930447166661499e+18 2.1511460059798034e+02 2.0754551728362371e+03 1.7557710207668399e+04 8.1474507058040002e+21 asteroid
-9.5049160942405108e+19 -1.1444647391704100e+20 4.4884246168441997e+17 1.1408313599884667e+07 2.0089728010344621e+07 4.0854806374673177e+06 1.0889841914112600e+21 asteroid
-1.4936087233145201e+19 4.0876097289113803e+20 1.1845102917792100e+18 1.7559386241734490e+07 8.2573081020668964e+05 1.8172703066761699e+07 4.1534752361470702e+21 asteroid
-9.4843840204441698e+19 -1.1535650219491100e+20 4.4030976188764403e+17 1.6621822758453800e+04 2.1592611670263996e+04 7.0772318151680502e+03 1.0638594293346799e+21 asteroid
-9.7807909873545904e+19 6.4102041298149999e+19 2.9560750334662701e+17 1.3040546018830068e+07 1.8551368842193481e+07 1.2853414505886491e+07 2.4577482904832500e+21 asteroid
-1.1634823640242800e+20 1.0727071827161499e+20 -5.5164744728532800e+17 2.3720748594947676e+04 1.5528500494058315e+04 1.5574913236538252e+04 2.8239764636088302e+21 asteroid
7.5572108589097103e+18 -1.5698059264787900e+20 1.2024256587106299e+18 1.3093021438558599e+07 9.3603162120962255e+06 1.6324561087544663e+07 3.6404720735552201e+21 asteroid
-3.6524118546240301e+20 1.4677082752992100e+20 4.3544315237558001e+18 2.0473919896844827e+07 1.0076566252658740e+07 2.0728021433883035e+06 5.1837452048905997e+21 asteroid
-9.5050156478645993e+19 -1.1444609094017701e+20 4.4879839660681702e+17 1.2607956883429855e+07 9.1395017073803134e+06 1.1053286302048396e+07 8.4189519133550602e+20 asteroid
-9.7806618378675995e+19 6.4101383240309998e+19 2.9560844965158400e+17 4.3418242423182139e+06 2.4218812284146890e+07 1.0142699501824904e+07 1.6302667860151800e+21 asteroid
-9.5049925127085294e+19 -1.1444718043894201e+20 4.4881846484789299e+17 2.1405533756529436e+07 1.3366681479848806e+07 1.9424325535338704e+07 3.1348679509918299e+21 asteroid
-9.7808391591936098e+19 6.4100701805657899e+19 2.9548212802726099e+17 2.8102552994298870e+06 2.4663296801681068e+07 2.1292716921390925e+07 2.9368000000000000e+20 asteroid
-1.2866729025714001e+20 -1.3950703073742701e+20 -1.3383610457996701e+17 1.1165848424970165e+06 1.4469659694903189e+07 1.3381863085594442e+07 2.9368000000000000e+20 asteroid
-9.7807802303995101e+19 6.4101115889450598e+19 2.9547663913537293e+17 1.1680813349426768e+06 1.1275262855811847e+07 2.7749000580622596e+06 6.6374680961692897e+21 asteroid
7.5566614200123300e+18 -1.5697918984908698e+20 1.2024416638568100e+18 1.4677587163039478e+07 1.8407130396103986e+07 6.7858209877520194e+06 2.5225699772782902e+21 asteroid
1.1158831619126900e+20 2.3321916336827900e+19 4.3724345953667999e+18 2.4471431823043473e+07 2.4037459934472017e+07 1.6491247472114842e+07 2.9368000000000000e+20 asteroid
-9.5049952484011803e+19 -1.1444653397641599e+20 4.4881103495536992e+17 8.0652239657838382e+06 5.4880655045499103e+06 3.5861678992471057e+06 2.9368000000000000e+20 asteroid
-9.7807692949055406e+19 6.4100910249070502e+19 2.9561264038179398e+17 1.4163593214950705e+07 8.2152244081800543e+06 4.9159239432759313e+06 3.1181465059460498e+21 asteroid
-2.4350806356452000e+20 -2.3506114101280699e+20 7.8869893218540902e+17 2.7610406291177105e+06 1.0647007383128135e+06 5.7698486213003565e+06 6.4773670178132106e+20 asteroid
-9.5050430325792408e+19 -1.1444705440228599e+20 4.4883491175646099e+17 2.0150450376035441e+07 6.6202453740798505e+06 1.2742088292217379e+07 2.9570772183263698e+21 asteroid
-1.1616642177115000e+20 1.0717624520470800e+20 -5.5936007094195501e+17 7.3242420855797948e+06 1.1305009547505116e+06 1.2710543383070428e+07 4.3974350549161702e+21 asteroid
1.6123607444388299e+20 1.2393429499450701e+20 -1.6158966191660301e+18 1.8536258088366998e+04 1.9521211485651504e+04 2.3867117015521799e+04 4.5176089586054301e+21 asteroid
2.0070179258383401e+20 2.5426320154710499e+19 5.5676192971452301e+17 1.1656893335920185e+05 1.6043968662940169e+07 8.5946092336120957e+05 3.8430600227845398e+21 asteroid
-9.5048898412661096e+19 -1.1444587845171900e+20 4.4878909769280902e+17 9.8463399671760388e+06 1.5292514247926779e+07 2.2350203754045658e+07 5.4445457024941598e+21 asteroid
-9.8581088951247307e+19 6.3894198320552198e+19 2.9862857170844301e+17 1.1713925679469787e+03 9.4275045238668208e+03 1.3219557935142700e+04 5.6446309884657496e+21 asteroid
-9.7807373444114399e+19 6.4100683746305901e+19 2.9548477583175002e+17 2.1781957903664067e+07 1.9403448205829673e+07 1.6016364110227847e+07 1.4131813687736900e+21 asteroid
-9.7806908645535597e+19 6.4101086952485003e+19 2.9548281651736998e+17 2.0388910588687003e+07 2.1668643577972572e+07 5.4007271588668041e+06 1.9287996684116600e+21 asteroid
7.5560283172934001e+18 -1.5698076558997501e+20 1.2024377815306900e+18 4.2181097691468261e+06 1.6967247489106055e+07 1.2294330682773178e+07 1.6268773393337300e+21 asteroid
-9.5049505353303605e+19 -1.1444688243035200e+20 4.4901971929277901e+17 9.2267498974127788e+05 2.0442630555093188e+07 1.3980046947536286e+07 5.3968257884188700e+21 asteroid
-1.7066761523757600e+20 1.4068720576403100e+20 2.6479796991507043e+17 1.9767423180165386e+05 2.1544891481653612e+07 1.7280747056740247e+07 2.5584616546875799e+21 asteroid
-3.6523994227890802e+20 1.4677125080248100e+20 4.3544157493202698e+18 1.9800613224121384e+07 1.9889439691235501e+07 2.1917780580229785e+07 1.6404334421561901e+21 asteroid
-2.3064795283375499e+20 -4.0258792533564203e+19 1.1580708857994601e+18 2.0554114961730167e+07 1.9223404556766719e+07 2.4014431367739428e+07 7.0169558450607804e+21 asteroid
-9.7807330949582602e+19 6.4102277569425596e+19 2.9559496977480800e+17 1.0954864881844705e+07 1.4958422028454822e+07 2.1503236797554534e+07 6.7362107588287796e+21 asteroid
-9.7807296637055992e+19 6.4101718080886301e+19 2.9560510082331546e+17 8.1439372539150966e+06 1.2496486029017352e+07 1.0920353833409796e+07 7.4157858592578800e+21 asteroid
3.6885980497578597e+20 1.1952515491563400e+20 5.3086032373511501e+17 4.3179848196219262e+06 2.3384178646982133e+07 4.8041608062917432e+06 8.5852992718001799e+20 asteroid
-1.2866593553332399e+20 -1.3950666666986499e+20 -1.3382926837921299e+17 1.0972645993311103e+07 1.0398672713425983e+07 1.7907533400044923e+06 1.0793805362471200e+21 asteroid
7.5561033038627400e+18 -1.5698054804465500e+20 1.2024497091962701e+18 1.5173277091352072e+07 9.7075080562407488e+05 5.8217109817396263e+06 5.2830088424324396e+21 asteroid
-7.2339988372400800e+19 1.3271112025058900e+20 -3.0620561166033498e+17 1.4575487880261748e+04 1.8943104920029200e+04 2.2547525732190302e+03 2.2118524065300700e+21 asteroid
-9.8684889344573702e+19 6.4099465463202800e+19 2.8696359239848701e+17 7.0069036257056541e+03 2.1086631252990301e+04 1.2297470670941400e+04 1.6314894840145901e+21 asteroid
-9.5050386713777504e+19 -1.1444725381612999e+20 4.4879390807781600e+17 9.7604881890410315e+06 1.1481065034215618e+07 1.3900731211029725e+07 4.6836316321269002e+21 asteroid
-9.5048826714498105e+19 -1.1444561841785700e+20 4.4883379459799098e+17 1.6543732569640895e+07 8.2048540473390110e+06 3.0178338791997368e+06 5.2207031992979900e+21 asteroid
-9.7562479585227604e+19 6.3465495513134801e+19 3.0557679785122298e+17 5.8363408631963757e+03 1.5286042549947495e+04 7.9253624538071222e+01 3.2274366553478199e+21 asteroid
-2.0434452976846999e+20 -2.8871835460685100e+20 1.7731863012396654e+18 6.1290096776684199e+05 2.4842889500976082e+07 4.6028091324250223e+06 8.2175688729385102e+21 asteroid
3.6956510812025402e+20 1.2001884912143801e+20 5.4057126957926202e+17 4.9585459958470601e+03 1.6304543507700701e+04 1.1565689057388399e+04 3.7735586449556101e+21 asteroid
1.2731687487119801e+20 -1.1103529034756601e+20 -1.6175712217889226e+17 1.0118333770651065e+06 2.1880806424287468e+07 1.7916839440417830e+06 4.5337888438145400e+21 asteroid
1.4810993818438799e+20 -1.6913982695363301e+20 3.5592228535057798e+17 2.1917418269427810e+07 1.3574491956655602e+06 2.3423178429735180e+07 3.2803867128000901e+21 asteroid
-9.5049664425978708e+19 -1.1444645120764001e+20 4.4881956814601907e+17 2.1794878192807674e+07 2.2281783612752080e+07 1.5497030254375914e+07 2.2599733968085401e+21 asteroid
3.2651699803376701e+20 -8.5719021904000752e+16 -1.2429022900965000e+18 1.3185519080246395e+07 9.1157503798352834e+06 6.9162032354957592e+06 5.5623474807468898e+21 asteroid
-9.7808149709466993e+19 6.4101869075199500e+19 2.9548534602978099e+17 8.4306734978159536e+06 2.3938245031693723e+07 2.6431753204517863e+06 2.3928002266008603e+21 asteroid
-9.5049008047130001e+19 -1.1444635843042800e+20 4.4883086182952998e+17 1.8452732089217165e+06 1.9113449039010104e+07 1.7985513527766589e+07 5.7146579580367499e+21 asteroid
-2.4350739155278899e+20 -2.3506233396335201e+20 7.8878273348442995e+17 1.4799857688328829e+07 6.7012662744732166e+05 1.3845059679248532e+07 9.3024624465645299e+21 asteroid
-9.7807852371684196e+19 6.4101366090520199e+19 2.9549582368318003e+17 1.7998425769043699e+07 4.0246056517657717e+06 1.6515357425543422e+07 2.9368000000000000e+20 asteroid
-1.4377472427875300e+20 1.0161322580872300e+20 1.7319252612805499e+18 4.8628501676959954e+06 1.1758424402867791e+06 1.7585137774711799e+07 2.4377038666278801e+21 asteroid
-2.4350690234162201e+20 -2.3506124097095601e+20 7.8878256553759706e+17 6.1915147268011821e+06 9.1178501656618658e+06 4.3433577096468573e+06 7.9384676841603203e+21 asteroid
1.6211163454694602e+20 1.2337832375954199e+20 -1.6154736926809900e+18 2.4425325386426680e+07 1.6213219287540179e+06 1.6704361576285729e+07 4.0679387672342702e+21 asteroid
3.2568147749049303e+20 2.7883725928859900e+16 -1.2434568294720901e+18 1.4032921417871543e+04 2.3089845593781200e+04 8.5538026472285892e+03 5.4629795181763095e+21 asteroid
-2.0445845640096199e+20 -2.8856705691019500e+20 1.7661707815366899e+18 1.4258319805679248e+04 2.0139990937555434e+04 1.8219949887580395e+04 4.0603987954988100e+21 asteroid
-6.6781646168485896e+19 -9.6500388501468807e+19 -1.6816846714358200e+18 2.0587363663184181e+07 1.8129295795414771e+05 8.0963140591874458e+06 1.8307185950088401e+21 asteroid
2.1954501669460099e+20 -2.6614471506922999e+20 -1.2852476302658501e+18 2.4012865954102901e+04 1.4057554135343949e+04 5.0452686498886496e+03 9.3947609239204305e+20 asteroid
-9.7808032814992507e+19 6.4101077065274098e+19 2.9547999665554803e+17 2.2628930121834960e+07 2.1101668687425427e+07 1.4939710708494440e+07 3.2268714753716398e+21 asteroid
-9.5048808763447394e+19 -1.1444640328169200e+20 4.4884087110713402e+17 7.0948039454276841e+06 6.5961922105819210e+06 1.5775999377821174e+07 2.1136040200065400e+21 asteroid
3.6913080114519199e+20 1.1998019211702400e+20 5.2428462869844403e+17 8.5815034989913893e+03 1.1914662808719400e+04 1.9795796700906700e+04 4.4526807211041001e+21 asteroid
-9.5050139679333499e+19 -1.1444705300689401e+20 4.4902690574025600e+17 1.2318006873724973e+07 1.3227992701432293e+07 1.0867852908932263e+07 6.9509186628355705e+21 asteroid
-9.7808425407561794e+19 6.4100466553900204e+19 2.9549254720690598e+17 1.6367482206575418e+07 9.0807294203185532e+06 1.7580624887725689e+07 4.4126259220142102e+21 asteroid
-2.0434323720767101e+20 -2.8871794017732198e+20 1.7731849844932101e+18 4.4947171946581667e+06 1.4236343990317497e+07 1.0975013786709975e+07 6.3824378234244296e+21 asteroid
-9.7808177939194905e+19 6.4101195287382901e+19 2.9560030356421498e+17 1.9058051406619810e+07 2.4386857870917488e+06 1.7300780159063090e+07 1.1145640780533000e+21 asteroid
7.5572077047329198e+18 -1.5697998368107699e+20 1.2024214186883784e+18 2.2255146619595349e+07 1.0301208287803425e+07 2.1655042384648565e+07 9.9108721564397902e+20 asteroid
-6.6781184997067096e+19 -9.6498876676623794e+19 -1.6816851368696200e+18 1.5847219991728866e+07 1.6224809488769244e+07 1.0671981335050872e+07 6.0910905648114198e+21 asteroid
3.2651707654992901e+20 -8.4596290126731952e+16 -1.2429241317447199e+18 1.0504473046775838e+07 1.3017011874638913e+07 1.6723003070567925e+07 7.0994704134804498e+21 asteroid
7.5569706208781804e+18 -1.5697924436733100e+20 1.2024392198102190e+18 1.5743167025660541e+07 1.5824151882753400e+06 1.0295639716415739e+07 1.4198198013471501e+21 asteroid
-5.4347875108633002e+19 -1.6642896282355499e+20 2.2120623793861701e+18 1.2589150688357165e+07 1.9587943771015033e+07 2.0758635272594079e+07 3.1156794110328701e+21 asteroid
1.4811036734757500e+20 -1.6913985836956398e+20 3.5579111496908109e+17 4.5898235408901228e+06 1.9506306318499334e+07 9.6724849251623265e+05 2.9368000000000000e+20 asteroid
1.3536947900589100e+20 -8.6220137473761296e+19 -2.0990841222294314e+17 7.4588609321893845e+06 2.4727020277848028e+07 2.6609682662002468e+06 7.4371134136356504e+20 asteroid
1.4811044949179400e+20 -1.6913888433875599e+20 3.5578100270996000e+17 1.7831676501353893e+07 2.0218325521485880e+07 1.7178634935901601e+07 2.9368000000000000e+20 asteroid
-9.7452288968810807e+19 6.4557886760618500e+19 2.9127913470035002e+17 2.2260481223413506e+04 1.2290090156869273e+03 4.2811290312171304e+03 7.5427848471920698e+21 asteroid
1.4811011775620199e+20 -1.6913998898367100e+20 3.5592893470840666e+17 1.9536827691997796e+07 9.1572934490003139e+06 2.4534225650696829e+07 8.4974569021152501e+21 asteroid
-9.8424960144955703e+19 6.3247313017034498e+19 2.9652865312270099e+17 1.4421314866633704e+03 2.8335736332200486e+03 1.8930827587253301e+04 6.2690127564722804e+21 asteroid
-9.5050564036752196e+19 -1.1444684377041301e+20 4.4902957263320397e+17 6.8443270279559894e+06 1.1576065895845892e+06 9.6476803371690474e+06 8.1174246999070500e+20 asteroid
8.3390642090188698e+18 -1.5671446237366102e+20 1.1981335332099000e+18 4.4466072677738712e+03 2.1198819997499701e+04 6.5991807853644796e+03 9.2748339284678803e+21 asteroid
3.2651775708671397e+20 -8.4811652272282672e+16 -1.2429975260375089e+18 1.3462317390374772e+07 1.1093938903049915e+06 2.5108079196687792e+06 3.7376173236481203e+20 asteroid
1.1158888901686900e+20 2.3322009062650798e+19 4.3724459888857600e+18 6.9253882664484121e+06 2.1780632078432608e+07 1.9717601206383910e+07 5.2123277204404201e+21 asteroid
-9.7807221904355000e+19 6.4101387505143103e+19 2.9546295911158202e+17 1.2391490680631399e+07 7.3742612030999465e+06 2.1588290788940057e+07 6.1649395728460798e+21 asteroid
-2.4350816659407802e+20 -2.3506239130027000e+20 7.8876573510064461e+17 2.3039476212332159e+07 7.4134942834704593e+06 1.5347909343799083e+07 2.9368000000000000e+20 asteroid
7.5570768876658698e+18 -1.5698032499902700e+20 1.2024238845394199e+18 3.1250544885384813e+06 2.1242065752201982e+07 1.9003156168012775e+07 4.4744816219524600e+21 asteroid
-9.4264435207002505e+19 -1.1434299237380801e+20 4.5522963492235398e+17 1.0877289659595652e+04 6.0043867566634744e+03 1.9812438185491199e+04 3.6739572600084798e+20 asteroid
3.2692865575655100e+20 4.6255929581968800e+17 -1.2495016963803200e+18 1.2653474908939657e+04 1.3187195757762408e+03 1.5665596895875000e+04 2.9368000000000000e+20 asteroid
-9.5050003407382200e+19 -1.1444664122391300e+20 4.4884795594851002e+17 8.6515282932355758e+06 3.3837464639786836e+06 8.6587624599290136e+06 3.0823766341988201e+21 asteroid
-2.6796906520572298e+18 -2.0453188743117200e+20 -2.7247905682536801e+18 1.9088737193754632e+07 1.2125662648366241e+07 1.9609598630348194e+07 7.9657034943587995e+21 asteroid
-2.3161930125249800e+20 -3.9661968195047596e+19 1.1617306324104000e+18 2.1332868841064301e+04 1.2135041326189699e+04 1.9759090439489901e+04 9.3594609179737698e+21 asteroid
1.7024336502817001e+20 1.8384501823250599e+20 3.2446974985530501e+18 1.0211254949982701e+07 1.6007381101089582e+07 1.2499249447796035e+06 7.8159311176647495e+20 asteroid
-9.6869939293237903e+19 6.4065320019777700e+19 3.0297358793421402e+17 1.4804403736367152e+04 6.4066578428449457e+03 1.9489903382807101e+04 3.2136334962809598e+21 asteroid
1.4811164892048500e+20 -1.6913848390717499e+20 3.5579397331531302e+17 1.4147802375338264e+05 4.3864706689204229e+06 9.4287989164622966e+05 3.7988757808712599e+21 asteroid
-9.7806896458291397e+19 6.4101739787402904e+19 2.9549086630089600e+17 1.7774422664692149e+07 1.5169629802733028e+07 2.3477954584667798e+07 1.5791444328601601e+21 asteroid
-9.4886571248691495e+19 -1.1539564705592700e+20 4.4415123150725901e+17 1.2233149836184501e+04 2.1095381522591098e+04 2.3739803022498701e+04 2.9368000000000000e+20 asteroid
3.2620044535501403e+20 -7.0999293096984294e+17 -1.2398378865438200e+18 8.7498755154590344e+03 1.7219429212612788e+04 5.1599228718628501e+03 6.4333664081719098e+21 asteroid
1.7024360915170499e+20 1.8384554534718299e+20 3.2447452370275999e+18 5.7518863330718223e+06 9.4048372554009594e+06 2.0830191128934849e+07 6.4826574878653200e+21 asteroid
-1.4995547297981100e+19 4.0951725681912703e+20 1.1904495201207800e+18 1.5763881539054601e+04 1.3823711778741806e+04 3.9827627406743471e+02 5.3341587758441803e+21 asteroid
-9.5050487788720800e+19 -1.1444570928122500e+20 4.4883552410605197e+17 2.2453011532934103e+07 8.2554933609040799e+06 4.7112582742052348e+06 1.5822580165905400e+21 asteroid
1.4811054520608001e+20 -1.6913863574972600e+20 3.5584375242427002e+17 9.9564276364505589e+06 1.1689253322160281e+07 1.2454885377950426e+07 2.3066827670540399e+21 asteroid
-2.4350759863880099e+20 -2.3506178261070401e+20 7.8876960586580595e+17 1.5062885274799541e+07 1.9151625687511776e+07 6.2615001871174946e+06 2.9368000000000000e+20 asteroid
-9.5050500370866799e+19 -1.1444638920050400e+20 4.4901478231796000e+17 1.0430191836366951e+07 2.6328129623101046e+06 1.0630400959406206e+07 2.9368000000000000e+20 asteroid
-2.4350872664902799e+20 -2.3506184559249700e+20 7.8877847565911194e+17 1.1929676301012138e+07 1.2295058159596561e+07 1.1414935479138765e+07 4.8869016824533001e+21 asteroid
3.2651769970647800e+20 -8.4531216531929808e+16 -1.2429998171896771e+18 3.6911186552613117e+06 1.1269938533180809e+07 1.4900912745372394e+07 3.8763275025545099e+21 asteroid
-1.4435301787884700e+20 1.0191258621617399e+20 1.7220576838110700e+18 4.1052313362048117e+03 2.0652850644146907e+04 3.3995235013368733e+02 2.9368000000000000e+20 asteroid
-9.5050335854647099e+19 -1.1444638571272700e+20 4.4901847616420301e+17 1.5036490532112457e+07 1.9643712998825464e+07 2.5133965925776646e+06 3.4210002239366800e+21 asteroid
-9.5049680280995807e+19 -1.1444576544098099e+20 4.4878199533800198e+17 6.8179679820193918e+06 1.5910843274184357e+07 2.3623675067852166e+07 3.9189265322693902e+21 asteroid
-9.5757625847901307e+19 -1.1385860928904200e+20 4.4657304957398099e+17 1.9829816284993998e+04 1.8380506379289302e+04 1.6485367065361501e+04 2.9368000000000000e+20 asteroid
-2.4350715656186901e+20 -2.3506155227603599e+20 7.8877191670353203e+17 1.6354435077612638e+07 9.7573957440013941e+06 1.7761543986398913e+07 2.9368000000000000e+20 asteroid
-9.7806999024229401e+19 6.4101545315995501e+19 2.9554295320088000e+17 1.1583967870491739e+07 1.2691257382497646e+07 2.1488782623586033e+07 4.1013041194688100e+21 asteroid
7.5567955470434949e+18 -1.5697996979989719e+20 1.2023815829679721e+18 1.0978670837441029e+07 2.5156980565264687e+07 9.6061498277120888e+06 3.7145684495392198e+20 asteroid
7.5568971137563126e+18 -1.5697982076340788e+20 1.2024391686720860e+18 -4.1690447637749729e+06 2.9301300804705471e+06 1.0179660859376815e+06 9.6526367476368399e+29 device
7.5558825380744919e+18 -1.5697910800661414e+20 1.2026867045626386e+18 1.4715381452894628e+08 -1.0337724522290747e+08 -3.5901857429481767e+07 2.7356170688935001e+28 device
