60 4 57
-1.3570486254142502e+08 -7.6622158911885619e+07 -1.6600124404809904e+08 6.7932847636279405e+01 3.8356372743026697e+01 8.3098224974089703e+01 8.3238852770821595e+36 black_hole
-3.3869176453817201e+19 -3.5353515672595897e+20 5.1430737612718598e+17 3.0983943741019821e+05 -2.9154182401862352e+04 5.5934734840469864e+03 3.1737370011508999e+31 star
-2.0434397032983301e+20 -2.8871829423250699e+20 1.7732507028054999e+18 2.4729178693325500e+05 -1.7771582223286500e+05 -9.6937390150932697e+02 1.9820747896894399e+33 star
1.3114335296814699e+20 -1.4898998065123901e+20 4.5578563666052102e+17 1.3128113657596300e+05 1.1077530746639799e+05 -3.1977106356837398e+03 4.7555039154386199e+32 star
-3.3869171423869944e+19 -3.5353516456344912e+20 5.1428518345020928e+17 -1.4685227353982949e+06 4.5212626129833478e+06 -3.5235703993323754e+05 3.1742457425884299e+24 planet
-3.3869173340484248e+19 -3.5353516617290809e+20 5.1428229720567149e+17 -1.2280638143815452e+06 4.7227948614582904e+06 8.5191983857389678e+03 1.1491400986951300e+23 satellite
-3.3869173249094627e+19 -3.5353516614888738e+20 5.1428229399872813e+17 -1.2412226963480634e+06 4.7194476839772770e+06 8.9469279527915223e+03 7.6217517152264994e+22 satellite
-3.3869173368996020e+19 -3.5353516620133682e+20 5.1428236326821946e+17 -1.2254170831760352e+06 4.7276248636420844e+06 1.7486220018558092e+02 9.7500984496136504e+22 satellite
-3.3869173300646187e+19 -3.5353516616388916e+20 5.1428229425477274e+17 -1.2339933481748186e+06 4.7189459820909845e+06 9.0273908458897695e+03 1.7916338820553500e+23 satellite
-3.3869173274205938e+19 -3.5353516615300927e+20 5.1428229511936870e+17 -1.2383014904773918e+06 4.7193044428963112e+06 8.7953339873143013e+03 8.3093390569050995e+22 satellite
7.0898938020124595e+17 -7.1228801313252506e+17 -9.8904741286920300e+15 9.5488787182069300e+03 8.6113828530030751e+03 7.2749949332724564e+03 1.7107207419062499e+21 asteroid
-2.0434438329841802e+20 -2.8871838061342599e+20 1.7732222459057900e+18 3.7577983066236307e+06 2.0842057756593887e+07 1.4444411493457861e+07 7.9757879123072705e+21 asteroid
-3.3869747807289201e+19 -3.5353599765502401e+20 5.1427482482265498e+17 6.5444814129170533e+06 9.4591703974858690e+06 5.8152094205497280e+06 4.1740623802729601e+21 asteroid
-3.3939038754806198e+19 -3.5443503683363000e+20 5.0833603368311501e+17 2.0788098047827702e+04 2.0988714591386401e+04 4.5298945700683998e+03 2.9368000000000000e+20 asteroid
-3.3599201917596500e+19 -3.5361976827769199e+20 5.0740254637446400e+17 1.6649329942741901e+04 1.9872018969632802e+04 7.2163615741094500e+03 6.3634908132867603e+21 asteroid
-3.3869053936164798e+19 -3.5353515643887701e+20 5.1428374514156198e+17 5.7001434563922521e+05 1.6774784046451535e+07 1.6572801299733159e+06 2.1297497810009601e+21 asteroid
-2.0434461620292701e+20 -2.8871884784736800e+20 1.7731940913911754e+18 1.5025260035189876e+07 2.0708870145664938e+07 2.4698425605319116e+07 5.6320503144055203e+21 asteroid
-3.3870134934293701e+19 -3.5353423764351202e+20 5.1426151345102202e+17 1.5190296485915085e+07 1.3821564749315584e+07 8.9231405250599924e+06 2.7185826361030801e+21 asteroid
7.8068034242596025e+14 4.6617106837007206e+14 -2.0652031630610496e+13 1.2968729884731038e+07 1.3604812077206101e+07 5.3956818902971400e+06 7.1821811757953298e+21 asteroid
-3.4753729930175599e+19 -3.5359895391533302e+20 5.2195636472548102e+17 1.0306198746532100e+04 7.7081872763572001e+03 2.0360411816381100e+04 2.8263445627024599e+21 asteroid
-2.0434301307091200e+20 -2.8871844282566699e+20 1.7732404305480801e+18 1.0993154897658441e+07 2.0166252655489299e+07 5.2879936641443549e+06 3.9840724349848099e+21 asteroid
-3.3869977999749399e+19 -3.5353456587549298e+20 5.1428164316191002e+17 6.0937767883610623e+06 6.5915916135162674e+06 2.0251609504634372e+06 2.9368000000000000e+20 asteroid
-3.3066292222138401e+19 -3.5419358263925303e+20 5.0491988082140902e+17 1.3055366252638600e+04 6.9299540298061702e+03 1.4671549317930099e+04 5.8159574919903403e+21 asteroid
-3.3869173428997599e+19 -3.5353488316771297e+20 5.1425022185128301e+17 1.1994584428794786e+07 1.3354978073308434e+07 1.5138464230883071e+07 5.8806278555469999e+21 asteroid
-3.3242152481970401e+19 -3.5299729593293498e+20 5.2223835918944198e+17 1.2161767527593200e+04 9.4371134283491392e+03 1.7189447462532898e+04 2.8107545124043002e+21 asteroid
4.4045956280797356e+14 -9.4137738468279925e+14 -1.6051263550573646e+13 1.6380903096998718e+06 2.4421837651397120e+07 8.2266308154332619e+06 8.1920042190312702e+20 asteroid
-3.3230093555838898e+19 -3.5378621645470001e+20 5.1387708052944301e+17 1.6162380109681400e+04 1.9975869232357600e+04 8.9417943392497000e+03 3.0914998280546602e+20 asteroid
-4.7002108270056994e+14 -4.6387123600763081e+14 -3.8139466316049594e+13 1.0396315294012001e+07 1.0897024862430042e+07 1.9156319824949022e+07 5.1139413803252004e+21 asteroid
-3.3869137227770601e+19 -3.5353500286366902e+20 5.1428663555267302e+17 9.2556728678734936e+06 1.1171663020460658e+07 9.6957958166436758e+06 2.4808883451160701e+21 asteroid
-3.3868271987132899e+19 -3.5353605814328400e+20 5.1428674452006202e+17 1.2942692476568611e+07 2.1039405033645920e+07 1.0597276296905324e+07 4.5044336880136398e+21 asteroid
-3.4088032642003898e+19 -3.5327701941528599e+20 5.2245947519452800e+17 2.1480327065578000e+04 1.0721832439909000e+04 1.2465764070753599e+04 5.5122004004620403e+20 asteroid
1.3162880851547400e+20 -1.4823138734289499e+20 4.5999379259470099e+17 8.9844854156751117e+03 4.0257285516621805e+03 2.4107138231589201e+03 3.5406506955880598e+21 asteroid
1.3102309265045199e+20 -1.4912395649752600e+20 4.5343782879726899e+17 1.0736819155206664e+04 1.6754916689991103e+04 1.7451661131246201e+04 1.3067837748260199e+21 asteroid
5.3637889083561288e+14 -3.9700976894098050e+14 -1.0735932814709860e+12 5.1478214550091932e+06 1.7713816186540443e+07 2.3640217756989705e+06 2.9368000000000000e+20 asteroid
-3.3869092179929600e+19 -3.5353553802688797e+20 5.1423826696248698e+17 1.2133142380400116e+07 2.0331647242908895e+07 1.8474921773288690e+07 1.9108027580936400e+21 asteroid
-3.3869695722316399e+19 -3.5353533063866699e+20 5.1425703465401299e+17 1.9015438184580598e+07 1.1296294411853893e+07 1.6637594752222527e+07 3.6197253012250202e+21 asteroid
-3.3869139811699798e+19 -3.5353467190249901e+20 5.1423946213151501e+17 5.8019715582962297e+06 1.0765474535615752e+07 2.4683118834763885e+07 2.8577234378407800e+21 asteroid
-3.3869163951280300e+19 -3.5353474103649803e+20 5.1426145827728602e+17 8.0390192291367222e+06 1.2928645151299974e+07 1.0045837586524375e+07 2.1554423063796801e+21 asteroid
-3.3868487277356298e+19 -3.5353590068545100e+20 5.1425649621149299e+17 2.3297869838416416e+07 2.0385173779816009e+07 1.4320173732795231e+07 8.5469178185288594e+20 asteroid
-3.3869709497512600e+19 -3.5353462033201699e+20 5.1427622700560198e+17 1.7041652431724217e+07 9.0921460900485399e+05 5.5417023843046650e+06 2.9368000000000000e+20 asteroid
-3.3869229242962002e+19 -3.5266909762970203e+20 5.0719636381412102e+17 2.0080509161420900e+03 1.0204436266664799e+04 2.4079004991389000e+04 1.2972143547624100e+21 asteroid
1.3114400263923601e+20 -1.4898953520002200e+20 4.5578858898618598e+17 1.1335423385034131e+06 3.8328993239948461e+06 1.5433079624714546e+06 6.2727945698304097e+21 asteroid
-3.3868741738687402e+19 -3.5353520999770699e+20 5.1428696868612102e+17 6.8312960896856058e+06 1.7463961625202239e+07 2.4358361128670666e+06 2.1829112544511299e+21 asteroid
-2.0434356814207900e+20 -2.8871813829374299e+20 1.7732357761969201e+18 6.9878193955322867e+06 4.2794971041273978e+06 1.2392290171780482e+07 2.8272826265454201e+21 asteroid
-2.0434456459455300e+20 -2.8871812641756401e+20 1.7731950071118100e+18 1.9058597236778766e+07 1.9331330796458807e+06 2.3137578666095242e+07 6.5272500851768201e+21 asteroid
-3.3690229479208198e+19 -3.5360938001179797e+20 5.2316417126918099e+17 1.2620408852880414e+03 1.4898179792801979e+04 2.1604288433173799e+04 3.2467407718958000e+21 asteroid
1.9253265105330484e+14 -8.3642187032470662e+14 -2.7179074819802297e+13 3.0934843438166366e+06 7.3069172855050012e+05 1.2356464771634333e+07 2.9368000000000000e+20 asteroid
-3.3869875723827298e+19 -3.5353550122105301e+20 5.1423693021496301e+17 3.7378879429655737e+05 1.6074481054451516e+07 2.2946195036745399e+07 1.7539293160362200e+21 asteroid
-3.3868594389996200e+19 -3.5353615698136800e+20 5.1423835965836800e+17 4.6706389414638737e+06 3.3510001748236180e+06 2.3651115708271738e+07 2.9368000000000000e+20 asteroid
-3.3868864918188900e+19 -3.5353501516131703e+20 5.1425506616069901e+17 1.2556880838805523e+07 7.9143800091495260e+05 1.3051598548010802e+07 9.2477009173391700e+21 asteroid
-3.3868569917793399e+19 -3.5353479556240297e+20 5.1426897161948499e+17 1.3024013742697615e+07 5.5171482036186503e+06 1.7658949924539404e+06 5.5097756757402604e+21 asteroid
2.1177951118966491e+14 -5.8628178417406450e+14 -1.6411304247263271e+13 2.3697837922085259e+07 6.7140253274327712e+06 7.1013091236364963e+06 8.6840833872901702e+20 asteroid
1.3114251890255000e+20 -1.4898974262888399e+20 4.5576165011113299e+17 1.8823515888894077e+07 1.5835757089405816e+07 1.4955425987189120e+07 7.7090187674710494e+20 asteroid
1.3114336825114300e+20 -1.4899055063527899e+20 4.5577607985756698e+17 2.3006311578037679e+07 2.0529436025418907e+07 5.7567630512343375e+06 3.7624599029213902e+21 asteroid
1.3114365301387500e+20 -1.4898951640174700e+20 4.5573093571745901e+17 3.1236453296171855e+06 1.2104525508046549e+07 2.2850626891868144e+07 7.2427337475129501e+21 asteroid
-3.4180022814129402e+19 -3.5301991447440399e+20 5.1089743065528397e+17 1.4329572920710500e+04 5.0620492534973901e+03 2.4358696689167598e+04 7.0645332672890001e+21 asteroid
-3.3869068990044000e+19 -3.5353465837520401e+20 5.1428865633171002e+17 2.3381041701530047e+07 9.0521066871869881e+06 1.1376823427329993e+07 1.6079105578966699e+21 asteroid
-3.3869250885223465e+19 -3.5353526097771430e+20 5.1411151674175718e+17 8.4670480341152810e+06 1.6576361654731486e+07 2.1362399479236279e+07 4.3718674611208601e+21 asteroid
-3.3869176514176479e+19 -3.5353513348209594e+20 5.1428690566945997e+17 -8.3212945063526055e+05 6.3408250180320663e+05 -5.6771074264597450e+05 6.7197656737165202e+29 device
-3.3869189931545702e+19 -3.5353512326192411e+20 5.1427774341541696e+17 8.4563524532319698e+05 -6.4295731904858944e+05 5.7795104554560757e+05 6.6176395870046394e+29 device
