70 5 67
-3.1144034609182101e+08 -1.7584625956074101e+08 -3.8096804223312002e+08 6.7932847636279405e+01 3.8356372743026697e+01 8.3098224974089703e+01 8.3238852770821595e+36 black_hole
-3.3869177255400198e+19 -3.5353515664966799e+20 5.1430736166809203e+17 3.0983932355544501e+05 -2.9153704315063100e+04 5.5930527668775803e+03 3.1737370011508999e+31 star
6.2347122758744400e+19 9.7192067482703905e+19 1.7218141935540900e+16 -8.0340505582692203e+04 5.2922871393233618e+04 1.9278804282344390e+03 1.0746088764836500e+33 star
-2.0434397096982800e+20 -2.8871829377334900e+20 1.7732507053110001e+18 2.4729178693325500e+05 -1.7771582223286500e+05 -9.6937390150932697e+02 1.9820747896894399e+33 star
1.3114335262837000e+20 -1.4898998093803599e+20 4.5578564479878714e+17 1.3128876230866788e+05 1.1078160304097921e+05 -3.1802221410449015e+03 4.7555039154386199e+32 star
1.3114338078550970e+20 -1.4898981517349745e+20 4.5573297309322643e+17 -2.4657366934421845e+06 -1.5700427241589453e+07 4.6585486295379037e+06 1.5881370671185300e+25 planet
6.2347113097063899e+19 9.7192032977705075e+19 1.7179073703094654e+16 2.0234404106466700e+06 7.5677326936006173e+06 -9.5630770316734615e+03 1.9636751460920901e+24 planet
1.3114336208248955e+20 -1.4898999043228749e+20 4.5578249446742464e+17 -1.6924505038622355e+06 1.9425431278633696e+06 6.0494330190470465e+05 5.7352650414603601e+22 satellite
1.3114335416082473e+20 -1.4898998137994464e+20 4.5578243538502406e+17 -1.4667450870935043e+05 1.9347124000666777e+05 5.8266834298992122e+05 1.1464097844777499e+23 satellite
6.2347113103007138e+19 9.7192032972000297e+19 1.7179073873275058e+16 2.0222500773944820e+06 7.5687244820751864e+06 -9.5973104011652122e+03 1.4956138914464900e+23 satellite
1.3114335482240185e+20 -1.4898998239013863e+20 4.5578320712704928e+17 -2.6654068018856301e+05 3.7634472007686895e+05 4.4373625423265423e+05 1.4250860441248400e+23 satellite
1.3114335470901433e+20 -1.4898998201904857e+20 4.5578292593373664e+17 -2.4587291608395815e+05 3.0909381289037858e+05 4.9423775363696320e+05 1.4634583774613100e+23 satellite
6.2347113092755628e+19 9.7192032972374835e+19 1.7179073574275242e+16 2.0242340691290954e+06 7.5687371184074450e+06 -9.5373082292972540e+03 7.3420000000000005e+21 satellite
-1.0026831402967978e+15 -3.4736773592602039e+13 -1.6801357911771568e+13 1.3395768056277441e+07 3.0625165101668653e+06 4.7070779176855441e+06 2.9368000000000000e+20 asteroid
1.3114347860485000e+20 -1.4899092232932301e+20 4.5572155965304397e+17 9.6442513334536422e+06 1.6476341087556748e+07 1.3466543787849635e+07 4.1227366218326700e+21 asteroid
6.6762436488762995e+17 6.9811475442821606e+17 -4.7019999226639500e+15 1.3338308099657916e+04 2.4968398537109711e+04 3.0555193763001844e+03 5.2434594132953001e+21 asteroid
1.3114268081504400e+20 -1.4898960410769700e+20 4.5573541296991699e+17 1.7789288130219407e+07 5.0161338604384679e+06 1.0902420115692830e+07 7.5663928884667498e+21 asteroid
1.3114316815362300e+20 -1.4899041519526199e+20 4.5572725005357798e+17 1.7029119131657381e+07 1.4369026655352775e+06 1.3559840347914526e+07 2.9368000000000000e+20 asteroid
-3.3869393129174499e+19 -3.5353567623598998e+20 5.1422016009701472e+17 1.3185989050514979e+07 2.1591072035780676e+07 1.7789118413484562e+07 6.8362241638206394e+20 asteroid
1.3114266150465200e+20 -1.4899039147617799e+20 4.5570012402140602e+17 5.6014952426990517e+05 2.1421906173510276e+07 1.6863126473582178e+07 2.9368000000000000e+20 asteroid
-3.4313830336644899e+19 -3.5375154603812599e+20 5.0917620885903699e+17 1.8207663583802700e+04 5.0304169304309635e+03 5.6391021811645703e+02 2.9772681351513999e+21 asteroid
6.2347685614217601e+19 9.7192814644593197e+19 1.7124798199431064e+16 1.4311059375315132e+07 2.0081701175325613e+07 2.1540547901448060e+07 2.9368000000000000e+20 asteroid
-1.9127150715161332e+13 -9.9985214800397362e+14 -9.6345647564107375e+13 1.3796612181704458e+07 1.5266696880734965e+07 1.9301117931533217e+07 8.5855963886733597e+21 asteroid
1.3086528809400700e+20 -1.4855157194859699e+20 4.5740481216530701e+17 3.9288571522326788e+03 4.2277379864812465e+03 1.6783787654321601e+04 1.9929621644586899e+21 asteroid
1.3114329565854201e+20 -1.4899015083326551e+20 4.5573983203972211e+17 1.1069781894634945e+07 1.1693509467918022e+07 1.1148275649355238e+07 3.0473867206656498e+21 asteroid
1.3114374827574400e+20 -1.4898935518143001e+20 4.5571745653107002e+17 2.4022233572916221e+05 1.5976457753808793e+07 1.6122456446933996e+07 3.8394146870311398e+21 asteroid
1.3114409065169501e+20 -1.4898941281064600e+20 4.5567283743089299e+17 2.2488030800038420e+07 1.6287872391327584e+07 2.3398400121089015e+07 4.0327242505016799e+21 asteroid
6.2346608048353296e+19 9.7191811330695594e+19 1.7101551677452984e+16 6.9823400538040074e+06 9.2435642005631197e+06 1.6794611946015388e+07 5.2873611752580202e+21 asteroid
6.1673667284003897e+19 9.7397716920017207e+19 2.3997124200208700e+16 9.7888845168287316e+03 1.6683696691090645e+04 1.0056202030410453e+00 4.5787309724535300e+21 asteroid
6.2347086509907501e+19 9.7191767898076004e+19 1.7155500582359558e+16 1.9205646150523811e+06 1.1941008641801637e+07 5.9505002931270925e+06 6.4307421055498500e+21 asteroid
1.3114384679570399e+20 -1.4899010433426699e+20 4.5572582382562099e+17 8.4627580628343280e+06 1.3901779201098753e+06 1.2132163910571745e+07 8.9592632185337401e+20 asteroid
1.3114366408231600e+20 -1.4899061087004200e+20 4.5570765541683699e+17 4.3993776703955410e+06 1.0797720237072118e+07 1.7185370084645510e+07 3.0988206835924300e+21 asteroid
1.3114268180824700e+20 -1.4898911938943199e+20 4.5576854638552698e+17 3.0962409758214955e+06 4.0021004000109909e+06 2.6296433211881188e+06 2.9368000000000000e+20 asteroid
6.2257171121638203e+19 9.6255674903449502e+19 2.4271279187385800e+16 1.6535634602113700e+04 1.4989951582575018e+03 6.9873306120682400e+03 7.8044950069816800e+21 asteroid
1.3114428363622100e+20 -1.4899001385403902e+20 4.5574810559714598e+17 3.9895166161440373e+06 3.7313059874143656e+06 9.5152230047192629e+06 8.4013866517977796e+21 asteroid
1.3085865628101100e+20 -1.4932129862570200e+20 4.4868549377063699e+17 1.6671408287394810e+04 7.8674720983185452e+03 1.5056234881615301e+04 3.0323092053742600e+21 asteroid
1.3114300752018399e+20 -1.4899075908588601e+20 4.5570462836341798e+17 1.4065300355969220e+07 2.1954796684484508e+07 1.5880143230359454e+07 3.4785658685045300e+21 asteroid
1.3114398116486000e+20 -1.4899046035348799e+20 4.5570688115137299e+17 6.6653520405757241e+06 6.1683470208460921e+06 1.7350599327949960e+07 2.9368000000000000e+20 asteroid
1.3114421358432300e+20 -1.4899065145881900e+20 4.5573722801352902e+17 1.4391990899246311e+07 1.4641874950252948e+07 9.2050826080908515e+06 2.9368000000000000e+20 asteroid
6.2347199757906698e+19 9.7192409830772998e+19 1.7136044294652102e+16 2.1505648086135298e+07 1.3920910559327396e+07 7.9002000402164785e+06 1.0192209982253800e+22 asteroid
1.3114297390809499e+20 -1.4898906002040701e+20 4.5570089352485299e+17 2.0326204804764841e+07 6.1146749267801791e+06 1.7371418145770680e+07 3.7863500475041002e+21 asteroid
6.2348009046216598e+19 9.7191098384868000e+19 1.7108168664246584e+16 1.4789715713950993e+07 8.2394880754751731e+06 1.3413218296799889e+07 4.1916882833189000e+21 asteroid
1.3114375768927801e+20 -1.4898916678612599e+20 4.5572489166444000e+17 1.1510868040589791e+07 1.6533896328900395e+07 1.5141002467327669e+07 1.6992840651442000e+21 asteroid
6.2346666412299698e+19 9.7193000802656797e+19 1.7160142411531632e+16 1.7269322874992326e+07 1.3538378600149097e+07 3.9804238669039188e+06 2.6776600060720002e+21 asteroid
1.3114298582456100e+20 -1.4899000700917901e+20 4.5572445915065082e+17 1.8919252081998497e+07 5.7643169543169551e+06 1.4065063784611106e+07 2.6844538673667202e+21 asteroid
1.3114331610760600e+20 -1.4899009163201600e+20 4.5567885910629792e+17 7.5030627379186051e+06 2.7504530151184741e+06 2.4311916285646711e+07 1.3030860482530000e+21 asteroid
1.3114301046993800e+20 -1.4899003358544599e+20 4.5578744225445498e+17 8.2358682049729452e+06 1.5794092061795028e+07 1.0355350966280096e+06 3.2714227499123899e+21 asteroid
-2.0434318778585999e+20 -2.8871849321719500e+20 1.7732388250461199e+18 1.5040953792373963e+07 1.2983427484938260e+07 4.0355063833925501e+06 6.0245193432334200e+21 asteroid
1.3114231125594400e+20 -1.4898964632777500e+20 4.5569783282680000e+17 1.8792758089676172e+07 1.7391986636907104e+07 1.8846574829409987e+07 3.6621780713104102e+21 asteroid
-3.3869068570952102e+19 -3.5353463394612000e+20 5.1429445981712499e+17 1.4496573184578413e+07 2.2019605139457952e+07 4.7387349682706157e+06 1.8797675054008099e+21 asteroid
1.3050627708837400e+20 -1.4812187769421899e+20 4.5316220248914502e+17 1.5695758393485101e+04 1.0144657708658200e+04 1.1121252935148999e+04 7.7496689028343005e+21 asteroid
1.3037822130507701e+20 -1.4831689061742900e+20 4.5243517016983898e+17 1.3398908353388500e+04 2.3247252482430598e+04 6.0807125427451701e+03 2.9368000000000000e+20 asteroid
1.3072062170987500e+20 -1.4934868948206001e+20 4.6017070994624800e+17 5.7973835407507395e+03 9.3339829249558825e+03 1.8462581699451400e+03 2.9368000000000000e+20 asteroid
-3.3869303575869399e+19 -3.5353571576390897e+20 5.1428627433497498e+17 2.4086890382600810e+07 1.9896396370238341e+07 4.2789015518573942e+06 2.9368000000000000e+20 asteroid
1.3114248061565100e+20 -1.4898977634837401e+20 4.5570158125081997e+17 1.4722210558164041e+07 3.7804436943960576e+06 1.8284102153878096e+07 1.0242668232586700e+22 asteroid
-3.3869520941853499e+19 -3.5353554278153303e+20 5.1428109360023200e+17 1.9397013735002697e+07 1.3819932193745147e+06 4.0068689699941156e+06 2.3325839750709201e+21 asteroid
-3.3140989678295200e+19 -3.5432641853210899e+20 5.2096924943562202e+17 1.6464839106175001e+04 4.7290038796801269e+02 4.8669716845130397e+03 8.2149934112746504e+21 asteroid
1.3114371971239500e+20 -1.4898972166210601e+20 4.5568923082875699e+17 5.6752137031275546e+06 1.7495869699841507e+07 1.9064274002375554e+07 6.2183995799243601e+20 asteroid
1.3114323219509800e+20 -1.4899001963224800e+20 4.5574022158881734e+17 1.7584224987896662e+07 2.3456381424577843e+07 1.0337370697243955e+07 2.5548858768904799e+21 asteroid
1.3114307786593500e+20 -1.4899058898388999e+20 4.5567003525577203e+17 3.9939627397130369e+06 1.6549844775439220e+07 2.3728930092788797e+07 2.4963963974797298e+21 asteroid
1.3193513228989401e+20 -1.4861337302582500e+20 4.5542083309972902e+17 2.3677997713129243e+04 2.3831553747304999e+04 3.1771902080057998e+03 5.3373355954551296e+21 asteroid
1.3057817010004301e+20 -1.4842512986310800e+20 4.6499135700894598e+17 1.4335004900873028e+04 3.2260733939191691e+03 1.2546343622127701e+04 2.9368000000000000e+20 asteroid
-3.3199949771147301e+19 -3.5307468093634498e+20 5.1129219097614502e+17 1.6603682142020800e+04 2.1729699488051800e+04 2.2949182885679202e+04 3.4908664279558301e+21 asteroid
1.3114402760239101e+20 -1.4898936913255399e+20 4.5573724473454899e+17 1.5140074023212133e+07 1.3487628719267206e+07 1.0042319417101100e+07 2.9368000000000000e+20 asteroid
1.3114246664869400e+20 -1.4898921746943099e+20 4.5570130607383200e+17 4.1828407302799220e+06 1.7278169364109457e+07 1.7842390289925821e+07 4.7104666519046099e+21 asteroid
9.4616465061877962e+14 6.2135139130203712e+14 -3.1512767410461746e+13 4.4276605968176778e+06 3.9470344011413255e+06 6.4292756776891863e+06 3.7196683514476600e+21 asteroid
1.3072601128027899e+20 -1.4974165074625800e+20 4.4676037334977299e+17 9.4204139221887908e+03 1.8896391342640956e+04 2.8826512499985301e+02 5.3681076026785105e+21 asteroid
1.3114328191985138e+20 -1.4899019307239365e+20 4.5572243624997555e+17 6.8750504147106372e+06 2.0003586729155257e+07 5.6537172983933501e+06 4.8712458431957198e+21 asteroid
1.3114382740755662e+20 -1.4898994828944998e+20 4.5591463673833747e+17 -4.4662711635185376e+07 -3.1229215498457961e+06 -1.2505298071363140e+07 1.8767326036233000e+28 device
1.3114334327935766e+20 -1.4898998212275982e+20 4.5577914128134419e+17 1.0761614695825358e+06 7.3135910313977627e+04 2.9410614183678484e+05 7.7661702623570003e+29 device
