80 6 75
-6.0007551093318902e+07 -3.7077089352429098e+08 -4.7178998522627199e+08 1.1089544393337100e+01 6.8519623533371899e+01 8.7188357294187597e+01 8.1807981169929300e+36 black_hole
2.5423685987967099e+19 -3.2886056198431002e+20 7.3393233969060506e+17 2.7949879237112397e+05 2.2830678993738798e+04 -3.3209923778832799e+03 8.1174942422271100e+32 star
-1.5028007536822400e+20 1.7901830287396599e+20 -3.9680072825241402e+17 -1.5233325709117501e+05 -1.2771027886934200e+05 -6.5040164442133357e+02 1.3489049748758199e+33 star
-4.1817028264820598e+20 -1.9056927277790400e+20 -3.2712477803262003e+17 1.5463636008375400e+05 -3.4259478614213498e+05 8.3540387750757709e+03 1.6284495585945399e+33 star
-3.8790237528609397e+20 1.0294541263731701e+20 -1.2415242112830551e+18 -8.8971778529749587e+04 -3.2279777815836441e+05 2.2744042101390169e+03 6.1823834535532603e+32 star
-1.8652473497057801e+20 -1.8383821512534301e+20 2.6722771222391699e+17 1.5970413361605900e+05 -1.6016453707930399e+05 8.7383695671306995e+01 9.4350713574711398e+32 star
-3.8790234795339828e+20 1.0294536886087772e+20 -1.2415338612839150e+18 -2.0603297350972479e+06 3.3053189226910779e+06 4.5031166987226356e+05 1.7977441893460899e+24 planet
-1.5028019242827701e+20 1.7901837032834000e+20 -3.9692620538343520e+17 2.1491026994827826e+07 -1.2606526973523688e+07 1.5724860600229234e+04 1.4256628018217600e+25 planet
-3.8790237976284581e+20 1.0294541447492239e+20 -1.2415285649994458e+18 7.2520003151545255e+05 -6.9072588482150226e+05 -2.1760551715794481e+04 7.3420000000000005e+21 satellite
-1.5028019243481068e+20 1.7901837034255060e+20 -3.9692620537301453e+17 2.1491911003042821e+07 -1.2608839337687466e+07 1.5724187576178170e+04 2.8250309631219599e+22 satellite
-3.8790237982772684e+20 1.0294541443287397e+20 -1.2415285707399885e+18 7.3138164135735971e+05 -6.8725062550595892e+05 -2.1204755037245177e+04 1.1194316553646800e+23 satellite
-1.5028019242565766e+20 1.7901837034379562e+20 -3.9692620595563322e+17 2.1490405195899982e+07 -1.2609204073778329e+07 1.5818205323041529e+04 7.3420000000000005e+21 satellite
-1.5028019241511433e+20 1.7901837031509367e+20 -3.9692619444367405e+17 2.1488771228169009e+07 -1.2604061047999434e+07 1.3927345523675674e+04 8.3318060311275396e+22 satellite
-3.8790237990324365e+20 1.0294541443874310e+20 -1.2415285853344072e+18 7.3823082672074065e+05 -6.8809509155142575e+05 -1.9840191094424332e+04 7.3420000000000005e+21 satellite
-3.8790237975565107e+20 1.0294541451724345e+20 -1.2415285617899625e+18 7.2403271371113404e+05 -6.9435788094859570e+05 -2.2101505302280653e+04 7.3420000000000005e+21 satellite
-3.8790163006884302e+20 1.0294473741530001e+20 -1.2415408248549701e+18 2.4002100824275766e+06 3.0767657213832317e+06 3.0112622850241889e+06 1.0041712545505300e+22 asteroid
-3.8880505253288300e+20 1.0392829654671499e+20 -1.2491626979227899e+18 1.2209201577873608e+04 4.9578606898586067e+03 1.0430177905422201e+04 2.4252346501841798e+21 asteroid
-1.5027944688750500e+20 1.7901832737357899e+20 -3.9700321539421997e+17 3.1944673802575250e+06 1.4307594108519014e+07 1.5189013836795166e+07 1.2404205457475701e+21 asteroid
-3.8698053918536001e+20 1.0326527499835600e+20 -1.2398598697037599e+18 1.2923937314512492e+04 9.2977445717946794e+03 1.3462277103270200e+04 3.8250188701545199e+21 asteroid
-6.6548331162956445e+13 -3.0911472450363119e+14 -1.2950199881650905e+14 7.7534568154488979e+06 3.6534801579163847e+06 2.2678065918247826e+07 2.9368000000000000e+20 asteroid
2.4905701990514098e+19 -3.2847705696407500e+20 7.2933448333568602e+17 5.4196708184863405e+02 1.1989250842056384e+04 1.7183644668062301e+04 4.4244009516170698e+21 asteroid
-3.8790202706329102e+20 1.0294504579979800e+20 -1.2415600289858900e+18 1.8939301079578687e+07 1.0228583779929141e+07 4.0633476007065494e+06 2.9368000000000000e+20 asteroid
-1.5028032408218599e+20 1.7901861846094800e+20 -3.9692838692564768e+17 1.5084002047097951e+07 2.4685760246793829e+07 1.0507704090692039e+05 2.2461757793998600e+21 asteroid
-1.5027965885882299e+20 1.7901795666433599e+20 -3.9690919490976198e+17 1.9505255622812629e+07 2.3858842343504243e+07 1.9425968705930386e+07 4.2934789087824398e+21 asteroid
-1.5027931445994399e+20 1.7901799078276701e+20 -3.9693446963755302e+17 9.5079055349302478e+06 2.0726634927221917e+07 3.3187344372005924e+06 4.8803718968115903e+21 asteroid
-3.8790182326725699e+20 1.0294440185248299e+20 -1.2416363202926200e+18 7.7997096451351093e+06 8.0155035426917048e+06 2.0357200516401138e+07 4.5089192483302298e+21 asteroid
-3.8840138822051601e+20 1.0391371874390499e+20 -1.2335097176059500e+18 5.8421660984598482e+01 2.4996881680169085e+04 6.2480987926942601e+02 2.5151636926669101e+21 asteroid
-1.5027937569739801e+20 1.7901873279237000e+20 -3.9690235591234701e+17 8.2042946923825108e+06 1.5078674981729673e+07 2.0143559884539258e+07 2.9368000000000000e+20 asteroid
-1.5028048686850199e+20 1.7901803743602501e+20 -3.9692571613201766e+17 2.3100264606208395e+07 2.0503392102099761e+07 2.4372702386559732e+07 5.1292210369399997e+21 asteroid
2.5422934531248300e+19 -3.2886011425919697e+20 7.3379589789885696e+17 2.1027898529115666e+07 2.3620265166648388e+07 2.3649074029952556e+07 4.3043043400065698e+21 asteroid
-3.8790242371637202e+20 1.0294463262385901e+20 -1.2415569054964301e+18 1.1365745839390123e+07 2.3972870892309129e+07 4.3548802891534325e+06 5.1531903717736297e+20 asteroid
-1.5065006819679601e+20 1.7962506389773301e+20 -4.0236918351881498e+17 6.6675636542339862e+03 5.0579814371153998e+03 1.6145037948984700e+04 2.9368000000000000e+20 asteroid
-3.8790297479306700e+20 1.0294567845795099e+20 -1.2416044861734100e+18 3.0931003725677193e+06 2.0330863346999615e+07 1.3513898484807350e+07 2.9368000000000000e+20 asteroid
-3.8777012042181299e+20 1.0255087988017299e+20 -1.2486914907873900e+18 1.7991029878654786e+04 1.8805591705619358e+04 1.6133327356841835e+03 5.0197901863188903e+21 asteroid
-3.8746228747789802e+20 1.0246344313017000e+20 -1.2315831068247199e+18 4.9162824246942755e+03 3.9028885812564417e+03 1.5310239274569799e+03 2.9368000000000000e+20 asteroid
-3.8790288812300698e+20 1.0294438247572100e+20 -1.2416060801251799e+18 1.0873006720348212e+06 2.0605806466022085e+07 1.2799366802042294e+07 5.3785859440752795e+21 asteroid
-1.5054201331787399e+20 1.7842027646353100e+20 -3.9312342907569600e+17 1.9090598709758131e+04 3.2855782164576357e+02 5.8899782755651804e+03 1.9277849398191700e+21 asteroid
-3.8790338867103498e+20 1.0294590296334600e+20 -1.2415748622265201e+18 1.7066100059240367e+07 1.6285402635118917e+07 6.8354394290630212e+06 5.3331151360076100e+20 asteroid
4.4668102194711569e+14 -4.1507911810226406e+14 -6.7157743121370414e+13 1.7462137767927770e+07 3.8491037304356089e+06 1.4137093528762223e+07 7.1664975252755893e+20 asteroid
-1.8652583484650199e+20 -1.8383916515315499e+20 2.6712540125340429e+17 1.8631606443013929e+07 2.4549710989954382e+07 1.9569240269716755e+07 8.4358892995122600e+20 asteroid
-1.5028097752332399e+20 1.7901849669174601e+20 -3.9702055646062701e+17 4.3795479053282877e+05 1.3454379672298957e+07 1.6008867845472787e+07 6.7952887687446497e+21 asteroid
-3.8791598884987299e+20 1.0348117024607199e+20 -1.2360794567233101e+18 7.6686296569912201e+03 2.4045656849296869e+04 3.8692407976337799e+03 6.5194572603612201e+21 asteroid
-1.5027982520773899e+20 1.7901739433446402e+20 -3.9694577228210957e+17 8.2820780188296186e+06 6.2674543005602825e+06 3.9713880061940993e+06 5.7587466036941999e+20 asteroid
8.0232086948748075e+14 1.2697300396341891e+14 -8.7085965759541938e+13 1.6052354819196181e+07 1.7083213123394756e+06 1.4357678580282651e+07 4.9041607158149205e+21 asteroid
-1.5027972967923499e+20 1.7901771488124001e+20 -3.9697865256693274e+17 7.2177459966028165e+06 1.6388764843507718e+07 1.0607857784846313e+07 2.9368000000000000e+20 asteroid
-3.8790186635073402e+20 1.0294542938849599e+20 -1.2416159047150400e+18 1.4449829415505264e+07 2.5035318279165868e+06 1.7257988081572350e+07 2.9368000000000000e+20 asteroid
-1.5028069272392299e+20 1.7901723098054299e+20 -3.9691865280117197e+17 2.4191686773050331e+07 2.2137125457904402e+07 2.1732029509526517e+07 2.9368000000000000e+20 asteroid
-3.8742232619908799e+20 1.0380750393112601e+20 -1.2503034010529300e+18 9.0720652992631331e+03 4.3952132503931489e+03 6.6161479491653599e+03 2.9368000000000000e+20 asteroid
-1.5027997856290098e+20 1.7901802639347099e+20 -3.9700149036182432e+17 1.4367504258438077e+07 1.7033387007752296e+07 1.4096557040567981e+07 4.8788518567919904e+21 asteroid
-3.8889893977344600e+20 1.0295733077865000e+20 -1.2436688168319401e+18 1.3449193684917707e+04 9.5101344560359194e+03 2.3477970172551300e+04 5.1105614406639105e+21 asteroid
-1.5115365727381701e+20 1.7929761553996300e+20 -3.9552084874656698e+17 2.3332369684033929e+04 8.9922679896723530e+03 1.3502075888706500e+04 4.2847442339892198e+21 asteroid
-3.8790233259782498e+20 1.0294491867027900e+20 -1.2415396076849001e+18 2.0260883589253627e+07 6.8664015182190510e+06 1.1165848859448505e+06 6.1178121496053395e+21 asteroid
-3.8790319258416900e+20 1.0294452621767999e+20 -1.2416112753055099e+18 1.7831994611340895e+07 1.4489405914569791e+07 1.4691195004588680e+07 4.9176979044220398e+21 asteroid
-1.5028103731742700e+20 1.7901775102617400e+20 -3.9696809682121901e+17 8.7774093147634454e+06 7.2320018696443792e+06 8.0186208453886425e+06 2.0411000384048099e+21 asteroid
2.5423667142137700e+19 -3.2885969137575500e+20 7.3391356946146995e+17 7.7129139282430746e+06 1.6607915367922660e+07 4.9677403333169473e+06 4.0516773654609999e+21 asteroid
-3.8790217697908497e+20 1.0294635012375999e+20 -1.2416514818242199e+18 4.7826781867502239e+06 4.2920478818891207e+06 2.3219708069805145e+07 8.9910624590336203e+20 asteroid
-3.8729402721979400e+20 1.0386290882928199e+20 -1.2378299247844101e+18 2.7173442752305664e+03 1.5107309909352427e+03 1.3093008760848001e+04 7.3070412753764698e+21 asteroid
-1.5027927322979398e+20 1.7901875349086700e+20 -3.9696843169756602e+17 2.0979003317092340e+07 5.4656300324842324e+06 6.7675507140954640e+06 4.0316432805681598e+21 asteroid
-3.8734609567073003e+20 1.0283191589566500e+20 -1.2488989389682900e+18 8.5208279937601401e+03 9.1578340980867979e+03 1.8133717427023301e+04 2.9368000000000000e+20 asteroid
-3.8790164994381198e+20 1.0294619410410299e+20 -1.2416391154281101e+18 2.0000811458259597e+07 1.4668887892316226e+07 2.0296132011736795e+07 2.8912769123633002e+21 asteroid
-3.8790215898649402e+20 1.0294572658530501e+20 -1.2416104491389801e+18 1.9511501362657294e+07 5.8237173955816375e+06 1.5841028694862228e+07 1.4565363313619100e+21 asteroid
-4.0158408450075794e+14 -6.7140500109183797e+13 -7.2580480334272828e+13 4.7320469794463553e+06 1.6124400009027245e+07 1.2375471541089803e+07 2.1520397138829899e+21 asteroid
-1.5027952041337999e+20 1.7901864814677502e+20 -3.9700627488484909e+17 1.1015969758595981e+07 2.3327431425308798e+07 1.4176507825343622e+07 8.0948420618400102e+21 asteroid
-3.8790156277402999e+20 1.0294614270351701e+20 -1.2415900806286400e+18 1.9286271617780931e+07 1.9392899470043834e+07 1.0466838355300769e+07 5.9999820922164200e+21 asteroid
-9.3564501904377250e+14 5.1918001815360956e+14 -4.4879166428202422e+13 5.5730148032844365e+06 1.2707947520915000e+07 7.4809869834015127e+06 6.8629354696762102e+21 asteroid
-4.1817014973217499e+20 -1.9056938110520600e+20 -3.2720973915310163e+17 2.4391207439656492e+07 2.3661841055734333e+07 1.5754134098002639e+07 8.7483887667664503e+21 asteroid
-3.8790268168503198e+20 1.0294550060346701e+20 -1.2416401156713426e+18 2.4299737722769957e+07 3.5212424635536489e+06 2.0039014863027379e+07 7.6689668638457201e+21 asteroid
-4.1816994521178499e+20 -1.9056998426438199e+20 -3.2714373018465158e+17 4.9366456213099808e+06 2.1795664048028495e+07 2.2686607930737962e+06 1.0472031830619900e+22 asteroid
-3.8726745546713799e+20 1.0287975602371900e+20 -1.2436398733568699e+18 8.1458570461466179e+03 2.2770723049976299e+04 1.2769404721018400e+04 2.9368000000000000e+20 asteroid
-3.8790257553997903e+20 1.0294530224311901e+20 -1.2415759939937708e+18 7.3698168091291180e+06 1.1858013782449950e+07 1.0731055026494201e+07 4.6652828134046501e+21 asteroid
-3.8790161864793201e+20 1.0294497221418500e+20 -1.2416231448181299e+18 6.4707548134608185e+06 1.7596244892829955e+07 1.7274169869623296e+07 2.1199159929636800e+21 asteroid
-3.8790252196088499e+20 1.0294619278137899e+20 -1.2416021916098099e+18 1.7097747059634469e+07 1.1848066642799918e+07 1.2659763886593169e+07 5.6964701285861095e+21 asteroid
-1.5028016700377799e+20 1.7901761473831698e+20 -3.9702270086161491e+17 1.3192240954882296e+07 8.4733553080876861e+06 1.6865283359487966e+07 2.5866540012476401e+21 asteroid
-4.1817130078116898e+20 -1.9056937165546599e+20 -3.2722310985289062e+17 2.1344956732504498e+07 6.9641032540362850e+06 1.7583302998560172e+07 1.1538606277671900e+21 asteroid
-3.8790207972244698e+20 1.0294589057655200e+20 -1.2415712337666199e+18 1.4234979091184458e+07 5.2948627217455851e+06 6.0241133857278479e+06 3.4744461118334902e+21 asteroid
-3.8790244987411163e+20 1.0294523369759587e+20 -1.2416181898707581e+18 6.8710260823039245e+06 1.5150166293030893e+07 7.8403796149190618e+06 4.4185467053931502e+20 asteroid
-3.8790237482357857e+20 1.0294540406634988e+20 -1.2415336881607276e+18 2.9513203172214847e+05 2.1891935004378171e+05 4.3351808756621036e+05 6.2807921797580700e+29 device
-3.8790299402479626e+20 1.0294563560048373e+20 -1.2420232483021371e+18 5.4559151252038777e+07 -2.0070407336757965e+07 4.3338222880064763e+07 5.7800651859350203e+29 device
-3.8790190882273119e+20 1.0294523918621142e+20 -1.2411618214954220e+18 -4.0543854932718314e+07 1.4669638735428847e+07 -3.2153611822081778e+07 7.8459934509226597e+29 device
-3.8790238172650150e+20 1.0294541207900704e+20 -1.2415179946991452e+18 8.9471178358092636e+05 -4.9652420743171213e+05 -9.3484404351277836e+05 1.0257670308284299e+29 device
