90 6 85
-4.1058007140287794e+07 -1.6796536037588693e+07 -9.8894743424224943e+07 4.0911670059739201e+01 1.6736863203017101e+01 9.8543254294729294e+01 7.2244901841964899e+36 black_hole
1.3190857803696600e+20 1.2161044468226200e+20 -9.5091580914839952e+16 -1.0357523535154095e+05 1.1491462833763045e+05 -1.0295924366091133e+03 1.5304187338010101e+33 star
-1.4367339896241200e+20 8.2901936309398995e+19 -2.0002400140184499e+18 -7.2860673868373298e+04 -1.2308346748699401e+05 1.2726848608312545e+02 1.0967311674592001e+33 star
1.7464095978950499e+20 -2.1969713084159699e+20 -2.6486210578881900e+18 1.9475100369048701e+05 1.5101345894295999e+05 2.9371594774979799e+03 1.5193952512170301e+33 star
-1.3780750693184201e+20 -1.2355609308824900e+20 -9.0179236249184896e+17 1.1082705529823000e+05 -1.1949781342999400e+05 -3.4825552528924999e+02 1.4045598646610999e+33 star
-1.4683475740753199e+19 -5.5127860502940500e+19 6.3195899860552205e+17 4.8285339915487202e+04 -1.2747635946502634e+04 -5.7646550324350460e+02 1.4968702182324800e+33 star
1.3190858636952696e+20 1.2161044621815656e+20 -9.5041940982139952e+16 -5.7192896217006668e+06 -7.9601687090609996e+06 4.6038404333143728e+05 9.9770756495604908e+24 planet
1.3190856436171176e+20 1.2161045229633906e+20 -9.5013491420638272e+16 1.3436875256502820e+07 -7.5229985831489610e+06 9.1160293382711970e+03 6.0000000000000002e+23 planet
1.3190856436066915e+20 1.2161045229682726e+20 -9.5013490730527568e+16 1.3438339280528868e+07 -7.5233933077812707e+06 8.6048792173789316e+03 7.1866877772454001e+22 satellite
1.3190856436115710e+20 1.2161045229559325e+20 -9.5013491382614864e+16 1.3437803470826996e+07 -7.5223408365730671e+06 9.0805408065347965e+03 1.5717371720862900e+23 satellite
1.3190858311378608e+20 1.2161045391170434e+20 -9.5038684574351808e+16 -5.2523779531987263e+06 -9.0601060593752004e+06 -4.4875618593072149e+03 1.3456013885903501e+23 satellite
1.3190856436025331e+20 1.2161045229731620e+20 -9.5013491028741152e+16 1.3438798671894465e+07 -7.5238175968770459e+06 8.7802781798218512e+03 2.1741558798966199e+22 satellite
1.3190858314107365e+20 1.2161045389778628e+20 -9.5038684828113376e+16 -5.2612910655827597e+06 -9.0577005944846254e+06 -4.5638679381657084e+03 7.3420000000000005e+21 satellite
1.3190858310898930e+20 1.2161045390914109e+20 -9.5038683943065424e+16 -5.2523806369644832e+06 -9.0593878982059360e+06 -4.6979217974078465e+03 7.3420000000000005e+21 satellite
1.3190858311514477e+20 1.2161045390835080e+20 -9.5038683893584208e+16 -5.2522409111925475e+06 -9.0584104525319766e+06 -4.7490561139953206e+03 8.3596288544606299e+22 satellite
1.3190856435983730e+20 1.2161045229697270e+20 -9.5013491866078048e+16 1.3438640354999384e+07 -7.5235614315826176e+06 9.4631229284251458e+03 1.0360098779685500e+23 satellite
-1.4367292282210601e+20 8.2901502779606303e+19 -2.0002465158120599e+18 1.0607860219414102e+07 1.0785785215357810e+07 9.5788283401175532e+06 7.9757076622288397e+21 asteroid
1.3190879777976300e+20 1.2161140309190700e+20 -9.5059126042751104e+16 4.7826783263932355e+06 4.2920484356379006e+06 2.3219708204262502e+07 8.9910624590336203e+20 asteroid
1.3194015450203300e+20 1.2087725460813600e+20 -9.2297403707641104e+16 1.7630492809162100e+04 2.1757105018071521e+04 6.5294385350881403e+03 1.9736242685178201e+21 asteroid
1.3190922118072600e+20 1.2161053314353699e+20 -9.5048836054167408e+16 3.1944668196848873e+06 1.4307594093095800e+07 1.5189014786475278e+07 1.2404205457475701e+21 asteroid
-1.3780659887126500e+20 -1.2355578351161799e+20 -9.0180419940960102e+17 1.2923950500361716e+07 9.2977606735261884e+06 1.3462288683065526e+07 3.8250188701545199e+21 asteroid
-1.3873656959882900e+20 -1.2421136139144600e+20 -9.0610105071837504e+17 1.3592894821288906e+04 4.9294754609740444e+01 7.9149912580852401e+02 4.1694555637625300e+21 asteroid
1.3190757823972300e+20 1.2161058131909000e+20 -9.5034140683891104e+16 6.0241120942990547e+06 2.2169221298904456e+06 1.4841748568385815e+07 6.6478610528175999e+21 asteroid
1.3131676290369200e+20 1.2074259230403101e+20 -8.5415320924506704e+16 1.3185508101287054e+04 9.1157357675828771e+03 6.9161851061524303e+03 5.5623474807468898e+21 asteroid
1.3190944125614799e+20 1.2161056778897999e+20 -9.5042605546973792e+16 2.7793878319595610e+06 1.1112162067658138e+07 1.3624669709497871e+07 3.1877103101990598e+21 asteroid
1.3130236031687999e+20 1.2092717125397299e+20 -9.4052342166276800e+16 1.4872453274488507e+04 1.7249851182163107e+04 7.6473229255263896e+03 3.7062236998101201e+21 asteroid
1.3219332110361000e+20 1.2234218560834499e+20 -1.0320967038098099e+17 2.1531875571689692e+04 1.2965720981078734e+04 1.2143383845295401e+04 1.7428466183649700e+21 asteroid
1.3190807935822800e+20 1.2161138759110900e+20 -9.5006087391159552e+16 5.8446167194171940e+04 2.4996882583721459e+07 6.2483433113183477e+05 2.5151636926669101e+21 asteroid
1.3190820077829500e+20 1.2161104693082500e+20 -9.5035132347033008e+16 6.6675807529597785e+06 5.0580035522617679e+06 1.6145047210121350e+07 2.9368000000000000e+20 asteroid
1.3190783962573000e+20 1.2160962393722400e+20 -9.5035805403510336e+16 1.7831994216212206e+07 1.4489405457609909e+07 1.4691195133777654e+07 4.9176979044220398e+21 asteroid
1.3190829594235901e+20 1.2160984666467000e+20 -9.5040805951882928e+16 1.9090603553763676e+07 3.2857943881128338e+05 5.8899977608302562e+06 1.9277849398191700e+21 asteroid
-9.1107953426907138e+14 5.7519077775005100e+14 -1.1905766983248625e+13 5.5753848081118688e+06 1.2706482109983375e+07 7.4810320341699272e+06 6.8629354696762102e+21 asteroid
2.3313524649249788e+14 -3.9443888328970112e+14 -6.8451035946421270e+12 2.0378148142737731e+07 1.8404281036421698e+07 3.2441940934274765e+06 2.6655644394563699e+21 asteroid
1.3190924341422699e+20 1.2161127430476400e+20 -9.5027879208031968e+16 2.4372696519840635e+07 1.8398738772520594e+07 2.0726163386428136e+07 2.9953950047106902e+21 asteroid
1.3190784443487199e+20 1.2161102899587600e+20 -9.5065219930285600e+16 1.5059267926756538e+07 1.8878283609834678e+07 2.4465037985185653e+07 4.6811297966312202e+21 asteroid
1.3190871037457800e+20 1.2160998291124000e+20 -9.5019467491866320e+16 2.0260884793477032e+07 6.8663994349681195e+06 1.1165857915495352e+06 6.1178121496053395e+21 asteroid
1.3190765535475501e+20 1.2160992553516201e+20 -9.5020115579511600e+16 8.7774094696064685e+06 7.2320019590174612e+06 8.0186211296178112e+06 2.0411000384048099e+21 asteroid
1.3190765360021401e+20 1.2161080946376399e+20 -9.5016182427149584e+16 6.8354381432100255e+06 5.6821103438188019e+05 5.7084477334616175e+06 5.3331151360076100e+20 asteroid
1.3190766215903301e+20 1.2161142331361400e+20 -9.5031587405552192e+16 1.2209213874444300e+07 4.9578812989768218e+06 1.0430192531688929e+07 2.4252346501841798e+21 asteroid
1.3190829832473800e+20 1.2160967380545500e+20 -9.5021008277471936e+16 1.3513897754744284e+07 1.8322179776388869e+07 1.3742069705140403e+07 3.3183987149672300e+21 asteroid
1.3234735112888500e+20 1.2112863639911799e+20 -8.5077997758302800e+16 4.9162824258068167e+03 3.9028885802758732e+03 1.5310239275062509e+03 2.9368000000000000e+20 asteroid
-1.3780675054817400e+20 -1.2355675312315600e+20 -9.0179571628398694e+17 2.4002104639003747e+06 3.0767654035404562e+06 3.0112622924517249e+06 1.0041712545505300e+22 asteroid
1.7464113978744501e+20 -2.1969748605747400e+20 -2.6486278469594199e+18 3.9713944734920915e+06 1.7869099928864405e+07 1.7995563774987122e+06 1.5631189051121100e+21 asteroid
1.3117156786813900e+20 1.2086750339535100e+20 -8.7167814980160800e+16 1.5173268064111207e+04 9.7072763250700439e+02 5.8216917569110001e+03 5.2830088424324396e+21 asteroid
1.3190953570138101e+20 1.2160944720879300e+20 -9.5037957610468400e+16 1.6945817321511116e+07 5.9208424710039962e+06 1.7018599739003308e+07 2.9368000000000000e+20 asteroid
1.3190761416254100e+20 1.2161008548508400e+20 -9.5045804022047248e+16 1.9221279615706872e+07 1.9068025141377371e+07 4.6148689516601991e+06 1.7329350000014899e+21 asteroid
1.3190858005807500e+20 1.2160977233660800e+20 -9.5047698324966496e+16 1.1365746044646708e+07 2.3972868976730004e+07 4.3548807031792887e+06 5.1531903717736297e+20 asteroid
1.3190915100961201e+20 1.2161047439872600e+20 -9.5024619681023600e+16 1.4449830624627141e+07 2.5035319100802536e+06 1.7257988693302613e+07 2.9368000000000000e+20 asteroid
1.3190931459113401e+20 1.2161094186861701e+20 -9.5104421336135456e+16 8.2042943835992115e+06 1.5078674792816307e+07 2.0143559932736136e+07 2.9368000000000000e+20 asteroid
1.3164319151795000e+20 1.2064490021247500e+20 -9.8455495990107296e+16 1.4575513561874453e+04 2.3252121017066507e+04 2.1809528170627000e+04 5.9346913408443797e+20 asteroid
1.3164051787654899e+20 1.2133570566456200e+20 -9.2066108690180704e+16 8.6515139262511821e+03 3.3837270104404524e+03 8.6587458791293102e+03 3.0823766341988201e+21 asteroid
-1.4684280443000701e+19 -5.5128687261947699e+19 6.3193623105621798e+17 2.2480167455571562e+07 2.0426636724364292e+07 2.0436020824972421e+07 9.7057636995774703e+21 asteroid
1.3190813041222800e+20 1.2161083816397400e+20 -9.5049477419089056e+16 4.5495427916243644e+06 1.3273279657508157e+07 1.8132291596588776e+07 6.0320049603373496e+21 asteroid
-1.4350236578547601e+20 8.3809780308370293e+19 -2.0003768369646300e+18 6.7390386211402501e+03 1.4447645316579041e+04 7.6053929802894500e+03 4.4185467053931502e+20 asteroid
1.3190858622370600e+20 1.2161138385351100e+20 -9.5046990740000000e+16 1.5754136122301964e+07 1.2218589918221995e+07 1.7170978751618601e+07 4.0298948912993099e+21 asteroid
1.3190938143451899e+20 1.2161022484648999e+20 -9.5032409740533104e+16 9.5079052382536307e+06 2.0726635066211961e+07 3.3187348720171698e+06 4.8803718968115903e+21 asteroid
1.3143021757258400e+20 1.2235024565611800e+20 -8.8517885337223392e+16 1.2662417696797307e+04 1.5482670313960787e+04 6.5786747429916943e+02 2.0852520649271599e+21 asteroid
1.3190805930034201e+20 1.2161081533353301e+20 -9.5060538809825296e+16 5.4198925142124121e+05 1.1989265684515279e+07 1.7183652894885521e+07 4.4244009516170698e+21 asteroid
1.3190802903060442e+20 1.2161048520440100e+20 -9.5115399672963376e+16 1.6865278809984129e+07 1.4918433769072825e+07 2.0523333324870739e+07 4.2078638212096202e+21 asteroid
-1.4367274554050699e+20 8.2902171456093798e+19 -2.0002434248003699e+18 1.8130872771196585e+07 1.0320920482622538e+07 2.5564577966194176e+06 7.3091279672808697e+21 asteroid
1.3289838980016200e+20 1.2235245966649400e+20 -8.8563609043457600e+16 9.7023612581365330e+02 1.7686306647408994e+04 2.3967493221485402e+04 6.4361330502835099e+21 asteroid
-3.8071642577807300e+14 3.9377569777054277e+12 -1.8027487980316438e+13 4.7531231354340883e+06 1.6124530907611735e+07 1.2376731638064560e+07 2.1520397138829899e+21 asteroid
1.3190920467865500e+20 1.2161035629118800e+20 -9.5106507927854096e+16 8.1458769430707861e+06 2.2770725246810786e+07 1.2769417094872624e+07 2.9368000000000000e+20 asteroid
-1.4367338539847999e+20 8.2902879871287394e+19 -2.0002368703357701e+18 7.7129139398510382e+06 1.6607915321035877e+07 4.9677403409915408e+06 4.0516773654609999e+21 asteroid
1.3221448713163601e+20 1.2106184202249100e+20 -1.0318644104688701e+17 1.9764844953815742e+02 2.1544889562388227e+04 1.7280739191696201e+04 2.5584616546875799e+21 asteroid
-1.4374228663882200e+20 8.3133741394281202e+19 -1.9907954842145900e+18 3.7908532205019378e+03 1.0776728190615369e+04 2.4773049226826894e+04 3.3757374180173399e+21 asteroid
1.3190787519646800e+20 1.2161057160841400e+20 -9.5010014899978064e+16 1.1471028958481023e+07 4.0449549802735406e+06 3.1156284154967370e+05 2.9368000000000000e+20 asteroid
1.3190806802819100e+20 1.2160947116635899e+20 -9.5113716882053440e+16 2.4191686844627753e+07 2.2137125565310448e+07 2.1732029536975291e+07 2.9368000000000000e+20 asteroid
1.3190912474618200e+20 1.2161032127289899e+20 -9.5064255941195712e+16 8.5208481430758908e+06 9.1578493604520615e+06 1.8133724876477700e+07 2.9368000000000000e+20 asteroid
3.9100217125787904e+16 -7.8507512538773798e+17 1.3335920695086300e+15 2.8424201392174677e+03 2.1253947332046770e+04 1.7229105698856222e+02 4.4706076462274802e+21 asteroid
-1.4367299677430401e+20 8.2902298408264106e+19 -2.0002503711699400e+18 5.4184967071536789e+06 1.9640570972363714e+07 1.7886513667557597e+07 1.5990557509371101e+21 asteroid
1.3190769538737399e+20 1.2161058652530400e+20 -9.5053875929965488e+16 1.8923763979538318e+07 6.8837136784254136e+06 9.3551994801576044e+06 6.6519043576471602e+21 asteroid
1.3245121566468199e+20 1.2170740842670499e+20 -1.0449528869612600e+17 1.9088730989183761e+04 1.2125649710766093e+04 1.9609593220527200e+04 7.9657034943587995e+21 asteroid
-1.4367411910050500e+20 8.2902744297148105e+19 -2.0002527843483200e+18 2.0733281711657576e+07 5.2835784061922152e+06 1.4552937303836346e+07 3.9951710432321701e+21 asteroid
-1.3780669284564800e+20 -1.2355524534045599e+20 -9.0181782207389798e+17 2.0000811657021452e+07 1.4668888090403270e+07 2.0296132036619302e+07 2.8912769123633002e+21 asteroid
1.3190918267640699e+20 1.2161136107172200e+20 -9.5022921788167792e+16 2.7173671483633579e+06 1.5107553647948392e+06 1.3093020780181391e+07 7.3070412753764698e+21 asteroid
1.3190888062239700e+20 1.2161078610959901e+20 -9.5029911238369312e+16 1.9511502597918622e+07 5.8237184187966930e+06 1.5841029702614201e+07 1.4565363313619100e+21 asteroid
1.3150591521632600e+20 1.2093112532303400e+20 -8.8754954535270400e+16 1.2317994500056007e+04 1.3227981469409113e+04 1.0867838593861199e+04 6.9509186628355705e+21 asteroid
1.3190756695202200e+20 1.2161044625995401e+20 -9.5039182924696272e+16 1.3449203847789954e+07 9.5101500005204529e+06 2.3477971900938995e+07 5.1105614406639105e+21 asteroid
1.3190768055470799e+20 1.2161071590950501e+20 -9.5025628619708512e+16 2.3332369738536771e+07 8.9922846113786194e+06 1.3502087625648368e+07 4.2847442339892198e+21 asteroid
1.3190904820171199e+20 1.2161130346843600e+20 -9.5054105018543904e+16 9.0720818739251867e+06 4.3952349782687183e+06 6.6161664120804509e+06 2.9368000000000000e+20 asteroid
1.3190855712045300e+20 1.2161095599708199e+20 -9.5011913091729968e+16 7.6686470170570612e+06 2.4045661414332177e+07 3.8692624938598978e+06 6.5194572603612201e+21 asteroid
1.3177008556622900e+20 1.2153331148695300e+20 -9.2362351246390496e+16 1.8946680344841679e+04 1.0565007525942863e+04 1.4154920212963993e+04 1.9349461993050601e+21 asteroid
-1.3780844498420200e+20 -1.2355557893462801e+20 -9.0179848851658202e+17 4.0633466997990897e+06 8.6676583739985432e+05 4.2932478317515152e+06 2.9368000000000000e+20 asteroid
1.7464107418528599e+20 -2.1969754409319101e+20 -2.6486298413235799e+18 1.7991040999367367e+07 1.8805590349875614e+07 1.6133560687381555e+06 5.0197901863188903e+21 asteroid
1.3190842189787028e+20 1.2161029770579965e+20 -9.5175868783269872e+16 1.7764650073052160e+07 1.3245061865128571e+07 1.9583088922174968e+07 3.0738656999825699e+21 asteroid
1.3190852900768214e+20 1.2161040552157446e+20 -9.5045865467714672e+16 2.4709823706612345e+06 -2.1493263923139740e+06 1.0206659887500154e+06 2.5277989456440400e+29 device
1.3190854617763108e+20 1.2161038350539948e+20 -9.5031419754471840e+16 1.9254255026409228e+04 9.9426102733520640e+05 -1.0419386077800576e+06 9.1560529037430599e+29 device
1.3190854805672391e+20 1.2161039102214206e+20 -9.5040099298006736e+16 -2.4897689799992519e+05 -7.9098613731439866e+04 1.9740675225746413e+05 2.0101578690929299e+28 device
1.3190855118834398e+20 1.2161039326668422e+20 -9.5044032387396608e+16 -6.9613683947740018e+05 -3.9949990039548825e+05 7.5891297353571665e+05 9.1357770898063100e+29 device
